Name	Score(0.95 MoE)	0.95 MoE	p-value	FDR	Score
brd-k71781559		0.08566149226533189	0.001074107142857143	0.7218000000000001	0.5602319338968801
gsk-j4		0.03870256650406103	0.005185565476190476	0.9962971684053651	0.452347369600356
lbw242		0.03638583939446264	0.005199255952380953	0.9962971684053651	0.4522737008733652
ic-87114		0.13204297903183812	0.009170833333333333	0.9952724962630792	0.4227347576447258
brd-k94991378		0.032409900124442205	0.01046577380952381	0.9952724962630792	0.41977979642861224
ipa-3		0.14725479637637975	0.014440476190476191	0.992947676161919	0.41245464582165703
way-362450		0.08509480061982382	0.02212425595238095	0.9866855855855855	0.3826305039263499
azacitidine		0.035951219090122305	0.02957172619047619	0.9806434586466165	0.3576633491286065
trifluoperazine		0.04534197650858345	0.03325446428571428	0.9783932228915662	0.34740444930137687
sid 26681509		0.0254980387968984	0.03521830357142857	0.977878431372549	0.3414771008160717
stemregenin 1			0.038032142857142855	0.9764992447129909	0.3343383180207252
gsk690693			0.03979761904761905	0.9761816944024206	0.3310380888667216
gw-2580			0.04097202380952381	0.9761816944024206	0.32851306086008086
brd-k29313308			0.043477827380952384	0.975391502276176	0.3227062854442579
birinapant			0.04368065476190476	0.975391502276176	0.32233667065380783
nsc-207895			0.04492157738095238	0.975391502276176	0.31906413129150885
erismodegib			0.04531458333333333	0.975391502276176	0.3181137564115087
navitoclax			0.046339285714285715	0.975391502276176	0.3156089321592596
ver-155008			0.0477983630952381	0.975391502276176	0.3123143506107548
vx-680			0.05104464285714286	0.975391502276176	0.3060670984364351
sb52334			0.051542559523809525	0.975391502276176	0.30516816361035787
ci-976			0.055120833333333334	0.9753592933947773	0.29835727184282645
dbeq			0.05688214285714286	0.9750389230769231	0.29526321525334603
piperlongumine			0.060585714285714284	0.9727064714946071	0.2910379858241535
daporinad			0.06333214285714285	0.9713594135802469	0.28846546205840157
etomoxir			0.06438571428571428	0.9713594135802469	0.28750508724831725
gsk525762a			0.06644880952380952	0.9711246130030959	0.2858987716327941
fsc231			0.06703273809523809	0.9711246130030959	0.2854536285878008
sotrastaurin			0.06880193452380952	0.9711246130030959	0.28436991924331173
dabrafenib			0.06945595238095238	0.9711246130030959	0.28407932655803936
amuvatinib			0.07133363095238095	0.9711246130030959	0.28342728283914304
brd-a86708339			0.07578794642857142	0.9689088923556941	0.2805243657069973
niclosamide			0.07607901785714286	0.9689088923556941	0.2802932006456127
nilotinib			0.08165386904761905	0.9657726134585289	0.27529466529628255
pf-4800567 hydrochloride			0.08336651785714286	0.9654824451410658	0.27350089646331655
brd8958			0.08742708333333334	0.9627144427001569	0.26971986724680347
qs-11			0.091684375	0.9597298742138365	0.2651978290784433
kh-cb19			0.09217693452380953	0.9597298742138365	0.2646838686285043
pifithrin-mu			0.09471071428571429	0.9595496845425867	0.26220661583949423
neuronal differentiation inducer iii			0.10008035714285714	0.9553650868878357	0.25817756799658337
brd-k99006945			0.10337708333333333	0.9533713607594937	0.25646191494504533
wz3105			0.1044358630952381	0.9533713607594937	0.25593778013879853
brd-k51831558			0.10513244047619047	0.9533713607594937	0.25556736423316045
rucaparib			0.10673779761904761	0.9533713607594937	0.2546836911279314
motesanib			0.10837276785714285	0.9533713607594937	0.25371315516798415
compound 1b			0.10867916666666666	0.9533713607594937	0.25352220588659174
brd-k85133207			0.1109452380952381	0.9533713607594937	0.252126947039908
compound 1541a			0.11131205357142857	0.9533713607594937	0.25191409060975006
bec			0.11375178571428571	0.9533713607594937	0.25049014869682046
hbx-41108			0.11928943452380952	0.9499800963081861	0.24738881199194393
tivozanib			0.12090446428571429	0.9497625401929259	0.246491111286694
mi-2			0.12156458333333334	0.9497625401929259	0.2461609205710887
sch-529074			0.12186354166666667	0.9497625401929259	0.2460201489399292
merck60			0.12261026785714285	0.9497625401929259	0.245648215887739
vorinostat			0.12546026785714287	0.9497625401929259	0.24414854782763412
sb-743921			0.12645401785714286	0.9497625401929259	0.24357403642409514
cbb-1007			0.12748377976190475	0.9497625401929259	0.24294049284377295
compound 23 citrate			0.12867470238095238	0.9497625401929259	0.24215309539849042
gnf-2			0.12935595238095238	0.9497625401929259	0.24164969794197527
austocystin d			0.12973125	0.9497625401929259	0.24136713311281321
pd-0332991			0.13620595238095237	0.9484799019607844	0.23693980059495123
vu0155056			0.136903125	0.9484799019607844	0.2364715190397693
unc1215			0.14441875	0.9425421311475409	0.2316721106081027
plx-4720			0.14576294642857143	0.9425421311475409	0.2309039759952817
bortezomib			0.15646041666666666	0.9323333881578948	0.22413936954225705
belinostat			0.15819464285714285	0.9319494233937397	0.2229027715342857
ml312			0.16355550595238094	0.9275425742574257	0.21910680737072416
brd-k66532283			0.1643169642857143	0.9275425742574257	0.21860366121216535
elesclomol			0.16486309523809523	0.9275425742574257	0.21822131807704317
crizotinib			0.166878125	0.9275425742574257	0.21688559191349355
cp724714			0.16909434523809524	0.9275227574750831	0.21549206931509357
gsk1070916			0.16957291666666666	0.9275227574750831	0.21520295313624746
brd-k33199242			0.17715714285714285	0.9215841666666665	0.21092831832809267
mg-132			0.1779169642857143	0.9215841666666665	0.21055092213434792
brd-k61166597			0.18128333333333332	0.9200295986622073	0.20900309124244115
mps-1-in-1			0.18371026785714287	0.9188388609715243	0.20801194764631267
brd-k33514849			0.18405238095238094	0.9188388609715243	0.20788174365796216
sb-505124			0.185153125	0.9188388609715243	0.20745365342883232
ciclopirox			0.18768065476190476	0.9188388609715243	0.20651115118538463
ly-2157299			0.19053645833333333	0.9173011804384487	0.20556608703924675
tubastatin a			0.1907342261904762	0.9173011804384487	0.2055026205187103
lomeguatrib			0.19143720238095238	0.9173011804384487	0.20527038831970207
lbh-589			0.1931952380952381	0.9173011804384487	0.20468497587094084
brd-a94377914			0.19443973214285715	0.9173011804384487	0.20428796385138956
gsk4112			0.19567261904761904	0.9173011804384487	0.20390610157474784
ql-x-138			0.19604642857142857	0.9173011804384487	0.20378926469499106
brd-k27224038			0.196378125	0.9173011804384487	0.2036971723280353
alvocidib			0.19950669642857144	0.9173011804384487	0.20276458582046464
cay10594			0.2009327380952381	0.9173011804384487	0.20229579645271095
cr-1-31b			0.20140639880952382	0.9173011804384487	0.20214016515692662
plx-4032			0.20173511904761904	0.9173011804384487	0.2020430147806188
brd-k96431673			0.20353125	0.9173011804384487	0.20150020780420907
tigecycline			0.20356577380952381	0.9173011804384487	0.20149025544694116
pi-103			0.20423839285714285	0.9173011804384487	0.2012557355747103
pandacostat			0.20640520833333334	0.9173011804384487	0.20055913889948235
osi-027			0.20660238095238095	0.9173011804384487	0.20049903203092215
mln2480			0.20920104166666667	0.9173011804384487	0.19964023479356555
zm447439			0.2098813988095238	0.9173011804384487	0.19940857000732096
sr-ii-138a			0.21350863095238096	0.9173011804384487	0.19828327759773398
cct036477			0.2156828869047619	0.9173011804384487	0.19763023940738425
tl-2-105			0.21895505952380953	0.9173011804384487	0.19653314808990988
cx-5461			0.22755089285714286	0.9090821366024519	0.19329677637705653
cay10576			0.22823556547619048	0.9090821366024519	0.1930131422839996
brd-k34485477			0.2342752976190476	0.9043358523725835	0.19025315646647004
qw-bi-011			0.23568452380952382	0.9042607394366198	0.18959103648349543
brd-k27986637			0.23775803571428572	0.9033980599647267	0.1885337652968983
fingolimod			0.2385796130952381	0.9033980599647267	0.18813391822766526
bcl-lzh-4			0.24049583333333333	0.9033396460176991	0.18720003519478046
fmk			0.24259345238095237	0.9024420212765957	0.1862081846004053
brd-k48334597			0.24478184523809524	0.9014328596802842	0.18517684449542926
brd-k01737880			0.24841979166666667	0.8986868327402134	0.1833255109730223
linsitinib			0.2484596726190476	0.8986868327402134	0.18330558465365232
brd-k17060750			0.250453125	0.8986868327402134	0.18224578456902693
brd-k88742110			0.2510126488095238	0.8986868327402134	0.1819499226939113
bardoxolone methyl			0.25186711309523807	0.8986868327402134	0.18146958506328004
cucurbitacin i			0.2521816964285714	0.8986868327402134	0.18130160167614534
xl765			0.2652752976190476	0.8880127697841727	0.17372126211398806
azd6244			0.2667623511904762	0.8878122522522524	0.17279533920702558
gdc-0879			0.27586875	0.8783687725631769	0.16750080203672296
pha-665752			0.2759940476190476	0.8783687725631769	0.16742917595456355
obatoclax			0.27672559523809526	0.8783687725631769	0.16700107762933158
seliciclib			0.27856636904761906	0.8783687725631769	0.16600908819448348
darinaparsin			0.28098318452380955	0.8783687725631769	0.16467052760395515
abt-199			0.28163125	0.8783687725631769	0.1643339075401753
ipr-456			0.28247723214285714	0.8783687725631769	0.16386034715914455
at-406			0.284440625	0.8783687725631769	0.16278427517243194
o-6-benzylguanine			0.29416949404761905	0.868714652014652	0.15751758351367043
unc0638			0.2980355654761905	0.8655416513761468	0.15561553318467164
brd-k11533227			0.2988363095238095	0.8655416513761468	0.15523584523900957
cid-5951923			0.299496130952381	0.8655416513761468	0.15491284305258643
brd-k84807411			0.30366919642857143	0.8633476014760146	0.15292193231821408
kin001-244			0.3043157738095238	0.8633476014760146	0.15262053985126442
avrainvillamide			0.3066674107142857	0.8628140740740741	0.15156425123889794
iox2			0.30897589285714283	0.8615367346938775	0.15057780304433976
968			0.30954419642857145	0.8615367346938775	0.15035924242454823
plx4720			0.31075580357142857	0.8615367346938775	0.1498716282576327
fulvestrant			0.31369032738095237	0.8604481343283582	0.14876638434702458
nsc23766			0.31475550595238094	0.8604481343283582	0.1483658526951689
cerulenin			0.3162510416666667	0.8604481343283582	0.1478440996887879
nutlin-3			0.31650104166666665	0.8604481343283582	0.14775249590389455
brd-k02251932			0.3199894345238095	0.858960902255639	0.1465133974934777
sb-525334			0.32145654761904763	0.858721845574388	0.1460225181103645
brd6340			0.32166979166666665	0.858721845574388	0.14595626134173675
gmx-1778			0.3241126488095238	0.8585943289224953	0.1451865124681672
bx796			0.3241638392857143	0.8585943289224953	0.1451659075652374
tgx-221			0.32447276785714285	0.8585943289224953	0.14507428792027632
bix-01294			0.3281394345238095	0.8583467680608364	0.14397057550611192
nsc-87877			0.32848392857142855	0.8583467680608364	0.14386626506401662
gossypol			0.3287016369047619	0.8583467680608364	0.14380783221474144
skepinone-l			0.3298122023809524	0.8583467680608364	0.14348863526319555
brd-k28456706			0.3299934523809524	0.8583467680608364	0.14343615507194557
cyanoquinoline 11			0.3326635416666667	0.8583467680608364	0.14268382468646368
oligomycin a			0.3348782738095238	0.8583467680608364	0.14208153545471552
pf-543			0.33696339285714283	0.8583467680608364	0.1415201770643934
aew541			0.3421199404761905	0.8534662162162162	0.14017716894106166
pf-750			0.3426690476190476	0.8534662162162162	0.1400340450784163
tgx221			0.34326354166666667	0.8534662162162162	0.13987179142028813
16-beta-bromoandrosterone			0.34340699404761904	0.8534662162162162	0.13983296563304623
i-bet151			0.34363199404761907	0.8534662162162162	0.13978321863528126
bax channel blocker			0.3438863095238095	0.8534662162162162	0.13972220915579672
itraconazole			0.3470657738095238	0.8534662162162162	0.1389380905049551
vx-702			0.3490617559523809	0.8534662162162162	0.13848006217375022
bx-912			0.34922113095238094	0.8534662162162162	0.13844492334981823
wz4002			0.3521706845238095	0.8534662162162162	0.13769877015136384
myricetin			0.35400952380952383	0.8534662162162162	0.13724683160940482
sz4ta2			0.35456502976190474	0.8534662162162162	0.1371083971218662
wp1130			0.36404598214285716	0.8445873517786562	0.13500537761549672
gsk319347a			0.365865625	0.8438384158415843	0.13465201599886895
brd-k45681478			0.36587857142857144	0.8438384158415843	0.13464913989882643
xmd13-2			0.36708511904761904	0.8438384158415843	0.13443576532331356
talazoparib			0.36801488095238094	0.8438384158415843	0.13427377973843246
ym201636			0.37006428571428573	0.8438384158415843	0.13387775261502963
ml083			0.3703485119047619	0.8438384158415843	0.13382204871122574
nsc19630			0.37211443452380955	0.8438384158415843	0.1334808709167964
ciclosporin			0.3721254464285714	0.8438384158415843	0.13347876825886804
cay10603			0.37667232142857143	0.8428094567404426	0.13255001905263983
cil55			0.3793239583333333	0.840916129032258	0.13204282372856194
brd-k42260513			0.3806498511904762	0.8408149494949494	0.13175851562515023
brd-m00053801			0.38277425595238096	0.8396271255060729	0.1312292537678409
brd-k86535717			0.383621875	0.8396271255060729	0.13103436833423987
pl-di			0.38544866071428574	0.8393873983739838	0.13062489436025781
necrosulfonamide			0.38621488095238093	0.8393873983739838	0.13045466674421485
gw-405833			0.39065267857142855	0.8356765306122449	0.12935788257078804
brd4132			0.3948925595238095	0.8315588957055216	0.12792764201231083
ml239			0.39581934523809525	0.8315588957055216	0.12760000884088457
genentech cpd 10			0.3980973214285714	0.8305517453798767	0.1266664524147738
osi-930			0.4121197916666667	0.8128716049382716	0.11848263867959916
dinaciclib			0.4121456845238095	0.8128716049382716	0.11846133937471774
azd0530			0.4125270833333333	0.8128716049382716	0.11821155693225635
dasatinib			0.41311220238095236	0.8128716049382716	0.11778961691536921
vaf-347			0.41401205357142856	0.8128716049382716	0.11715114159229584
pd-0325901			0.41631651785714285	0.8128716049382716	0.11553520187105198
brd-k30748066			0.4242391369047619	0.8060654166666666	0.11001799466106797
ql-xii-47			0.43300208333333334	0.7954544885177453	0.10377126158120384
gsk2636771			0.4435315476190476	0.7823156903765689	0.09772413513396276
marinopyrrole a			0.4442532738095238	0.7823156903765689	0.09733233866557982
abt-737			0.4447169642857143	0.7823156903765689	0.0970848124107917
masitinib			0.44850982142857143	0.7802136842105263	0.09502444684916785
blebbistatin			0.45223035714285714	0.7765850210970463	0.09298188905655691
ml029			0.45741696428571427	0.7708581395348836	0.08962158281074294
zd-6474			0.46770104166666665	0.7578495762711864	0.07948472684520011
elcpk			0.4712894345238095	0.7543388535031847	0.07532546694130668
brd-k92856060			0.4756252976190476	0.7497444680851064	0.07070019757341378
brd-k44224150			0.47800238095238096	0.7479371002132196	0.06819775438700028
bexarotene			0.4835080357142857	0.7416297008547009	0.06237097995545141
mln2238			0.4850188988095238	0.7410436830835118	0.060760898591609554
kin001-236			0.48951026785714286	0.7361570815450643	0.055835869568821354
regorafenib			0.4931456845238095	0.7324864516129032	0.051792681832155435
pluripotin			0.494990625	0.7313931034482759	0.049789969134088945
cd-1530			0.4955558035714286	0.7313931034482759	0.049115067923097944
rita			0.49682366071428574	0.7313931034482759	0.047519340015652126
alectinib			0.48412098214285715	0.7057034707158352	-0.04488763464142996
sns-032			0.4826700892857143	0.7051180434782609	-0.046591976070417866
ml334 diastereomer			0.48122842261904764	0.7045435729847495	-0.048062248203866745
kin001-260			0.4792315476190476	0.7031519650655021	-0.04999369131989723
tretinoin			0.47819925595238094	0.7031519650655021	-0.05095617044503824
n9-isopropylolomoucine			0.4764647321428571	0.7021585526315789	-0.0525739026016784
repligen 136			0.4741577380952381	0.7002945054945054	-0.05486980693205227
tosedostat			0.4738361607142857	0.7002945054945054	-0.05518137210753523
decitabine			0.47261041666666664	0.7002945054945054	-0.056388309217790124
gsk429286a			0.47110907738095237	0.7002945054945054	-0.05783086233662377
entinostat			0.47031488095238094	0.7002945054945054	-0.058578630711986525
cyclophosphamide			0.46922291666666666	0.7002945054945054	-0.05958792632472648
1s,3r-rsl-3			0.46853958333333334	0.7002945054945054	-0.06012265883705906
parthenolide			0.4671891369047619	0.7002945054945054	-0.061350735343972757
birb-796			0.4622403273809524	0.6949116331096197	-0.06563594837145661
ch-55			0.4570925595238095	0.6887134529147982	-0.0704467878312164
prochlorperazine			0.45512916666666664	0.6872961797752809	-0.07232208472014444
tozasertib			0.45448705357142855	0.6872961797752809	-0.07286047168280947
imatinib			0.45152113095238094	0.6849259593679459	-0.07579941534132927
tipifarnib-p2			0.45021934523809526	0.6844963800904977	-0.07719132866130764
fqi-1			0.4497366071428571	0.6844963800904977	-0.07772929024187211
gant-61			0.4456921130952381	0.6806934090909091	-0.08185665003582969
olaparib			0.44240997023809525	0.6772198177676537	-0.08516962672976466
procarbazine			0.4422122023809524	0.6772198177676537	-0.08535766760631074
jw-480			0.4418502976190476	0.6772198177676537	-0.08571629883412138
sgx-523			0.44150431547619046	0.6772198177676537	-0.0860354720129463
salermide			0.44142276785714285	0.6772198177676537	-0.0861045577145762
importazole			0.4408133928571429	0.6772198177676537	-0.08665066965142562
mitomycin-c			0.4405328869047619	0.6772198177676537	-0.08687893417327607
ml006			0.43956175595238095	0.6772198177676537	-0.08766631449389004
bms-345541			0.4394016369047619	0.6772198177676537	-0.08779778460907026
brd-k52037352			0.43750714285714287	0.6772198177676537	-0.08924104074630955
px-12			0.4374352678571429	0.6772198177676537	-0.08928752608966706
cyclopamine			0.43719285714285716	0.6772198177676537	-0.08944079462518864
hc-067047			0.4365717261904762	0.6772198177676537	-0.08985329564927305
brd-k16147474			0.43520089285714286	0.6772198177676537	-0.0907445572966405
rigosertib			0.43196086309523807	0.6772198177676537	-0.09267015174281978
simvastatin			0.43119419642857143	0.6772198177676537	-0.09309500708612034
cmk			0.42921458333333334	0.6772198177676537	-0.09416848747242056
xmd14-99			0.42756830357142855	0.6772198177676537	-0.09502015346252748
brd-k49290616			0.42597872023809524	0.6772198177676537	-0.09582024061337209
tw 37			0.4253927083333333	0.6772198177676537	-0.0961102129975246
zebularine			0.42156830357142855	0.676119093078759	-0.09800790797170103
palmostatin b			0.4215559523809524	0.676119093078759	-0.0980144777963876
trametinib			0.4208534226190476	0.676119093078759	-0.09837306757974469
cp466722			0.4197480654761905	0.676119093078759	-0.09894145571057311
y-39983			0.41499508928571427	0.671992048192771	-0.10172909090956118
nsc30930			0.4142401785714286	0.671992048192771	-0.1022187334081664
linifanib			0.41377232142857145	0.671992048192771	-0.10252415166008212
sirolimus			0.40933839285714285	0.6676587378640776	-0.10572690496253642
mk-0752			0.40679955357142855	0.6651321167883211	-0.10757309028218913
bendamustine			0.4057715773809524	0.6650695121951219	-0.10836623747505138
sn-38			0.40355267857142857	0.6630498777506113	-0.1099827206204616
tandutinib			0.39973214285714287	0.6583823529411765	-0.11272093371494789
brd9647			0.39887752976190477	0.6583823529411765	-0.11334660353430624
17-aag			0.3962008928571429	0.65578078817734	-0.11526063061491908
brd-k50799972			0.3952592261904762	0.65578078817734	-0.11594287280447185
azd1480			0.39438035714285713	0.65578078817734	-0.11655610351091318
fqi-2			0.3893157738095238	0.6491816377171216	-0.11989885071110208
refametinib			0.3887275297619048	0.6491816377171216	-0.12028544034054804
kpt185			0.3886791666666667	0.6491816377171216	-0.12031928437540619
rg-108			0.3883486607142857	0.6491816377171216	-0.12054070897938264
lenalidomide			0.38641651785714287	0.6491816377171216	-0.12172737409998455
npk76-ii-72-1			0.3854869047619048	0.6491816377171216	-0.12227231869662741
khs101			0.3843044642857143	0.6491816377171216	-0.12292119168560942
serdemetan			0.3836282738095238	0.6491816377171216	-0.12324061934988514
ng-25			0.3827575892857143	0.6491816377171216	-0.12367674218358836
omacetaxine mepesuccinate			0.38161502976190476	0.6491816377171216	-0.12425341583127444
methylstat			0.38145535714285717	0.6491816377171216	-0.12433605854402224
ym-155			0.381141369047619	0.6491816377171216	-0.12449812344234926
sitagliptin			0.38078839285714283	0.6491816377171216	-0.12467717263940956
brd-k02492147			0.379599255952381	0.6491816377171216	-0.12527607929595885
brd-k09344309			0.3787745535714286	0.6491816377171216	-0.12569372520186078
panobinostat			0.3780563988095238	0.6491816377171216	-0.12604090870891585
mitomycin			0.37760535714285715	0.6491816377171216	-0.12625480109588622
sr8278			0.3772800595238095	0.6491816377171216	-0.12641804441310273
selumetinib			0.3763327380952381	0.6491816377171216	-0.12682058619461697
vnlg/124			0.3762840773809524	0.6491816377171216	-0.12683997625157464
pd318088			0.37627916666666666	0.6491816377171216	-0.12684436742083452
nvp-bsk805			0.37464345238095237	0.6491816377171216	-0.12756363751463534
brd-k24690302			0.3745517857142857	0.6491816377171216	-0.12760484852189596
phenformin			0.37386056547619045	0.6491816377171216	-0.1279225317376392
brd1812			0.3733668154761905	0.6491816377171216	-0.12810968867171357
bleomycin (50 um)			0.37266994047619045	0.6491816377171216	-0.12834239367171343
omipalisib			0.3725886904761905	0.6491816377171216	-0.1283662835057519
bafilomycin a1			0.36802276785714283	0.6491816377171216	-0.12954144036032364
ly-2183240			0.36763050595238095	0.6491816377171216	-0.12963534527727896
col-3			0.3623013392857143	0.6491816377171216	-0.13098080414107174
pik-93			0.36059583333333334	0.6491816377171216	-0.1314274720335104
ro4929097			0.36013080357142857	0.6491816377171216	-0.13154682637061305
etoposide			0.3597232142857143	0.6491816377171216	-0.1316568491045685
brd-k55116708			0.35890863095238096	0.6491816377171216	-0.13187437399917257
(5z)-7-oxozeaenol			0.3587037202380952	0.6491816377171216	-0.13193254928975365
brd-k48477130			0.3581016369047619	0.6491816377171216	-0.13211273839535814
brefeldin a			0.35703229166666667	0.6491816377171216	-0.13241336567029685
cytarabine			0.35401443452380954	0.6491816377171216	-0.13311552719687889
akt inhibitor viii			0.35346666666666665	0.6491816377171216	-0.13325497065214195
brd9876			0.3532489583333333	0.6491816377171216	-0.13331293779421247
dacinostat			0.3481715773809524	0.6445490358126722	-0.13472289319447048
lestauritinib			0.34369627976190475	0.6380218232044199	-0.1359484076539614
brd-k97651142			0.3427171130952381	0.6379664819944599	-0.13619556314795128
brd-k96970199			0.34234404761904763	0.6379664819944599	-0.13628812978343155
betulinic acid			0.34186354166666666	0.6379664819944599	-0.1364261573726018
ibrutinib			0.3412880952380952	0.6379664819944599	-0.13657662043751828
sb-225002			0.3412629464285714	0.6379664819944599	-0.13658250928981724
brd-k63431240			0.3407952380952381	0.6379664819944599	-0.1367121286672175
gw-843682x			0.3399904761904762	0.6379664819944599	-0.13694207082914261
camptothecin			0.3395950892857143	0.6379664819944599	-0.13706227245847522
jnk inhibitor viii			0.33807098214285713	0.6379664819944599	-0.13749776106630887
tg-100-115			0.33492738095238095	0.6379664819944599	-0.13836151852445897
gefitinib			0.3345447916666667	0.6379664819944599	-0.13847130467245633
c6-ceramide			0.33441279761904763	0.6379664819944599	-0.1385101698876033
sj-172550			0.33334151785714283	0.6379664819944599	-0.1388282500120273
5-fluorouracil			0.3320965773809524	0.6379664819944599	-0.1391905154425189
am-580			0.33186934523809525	0.6379664819944599	-0.13925952511503698
brd-a05715709			0.3310255952380952	0.6379664819944599	-0.1394941062210464
temozolomide			0.3304983630952381	0.6379664819944599	-0.13965151099483608
dexamethasone			0.329860119047619	0.6379664819944599	-0.1398478408686689
mst-312			0.32786666666666664	0.6379664819944599	-0.14044473315291825
bms-270394			0.32383080357142857	0.6362991228070176	-0.14167571513696028
prima-1			0.3214363095238095	0.6334463343108505	-0.14243418471554567
idelalisib			0.31986875	0.6322111764705882	-0.14289813267043094
whi-p97			0.3191556547619048	0.6322111764705882	-0.14311327663401038
ql-xi-92			0.31881636904761906	0.6322111764705882	-0.1432139360504508
ml031			0.3179846726190476	0.6322111764705882	-0.143464599428401
ex-527			0.3169766369047619	0.6322111764705882	-0.1437653733850784
brd-k04800985			0.31502604166666665	0.6319328358208954	-0.1443588575026216
cil55a			0.3136525297619048	0.631061377245509	-0.14478461689297767
pf2341066			0.31254583333333336	0.6307231231231232	-0.14512071356923154
brd-k90370028			0.3123497023809524	0.6307231231231232	-0.14517846247526123
spautin-1			0.31023050595238094	0.6298335347432024	-0.14586456420601096
stf-31			0.3098555059523809	0.6298335347432024	-0.14598113832333243
thalidomide			0.3091126488095238	0.6298335347432024	-0.1462327200591302
fluvastatin			0.30846413690476193	0.6298335347432024	-0.14643982453584029
veliparib			0.30773244047619047	0.6298335347432024	-0.1466791882846267
brd-k64610608			0.3067918154761905	0.6298335347432024	-0.14699609496535873
ml162			0.30099806547619046	0.6223713846153845	-0.1489653796835093
tacedinaline			0.2999501488095238	0.6221188271604938	-0.14934613997954882
gw843682x			0.2988095238095238	0.621671826625387	-0.14976460278260964
mk-1775			0.2980696428571429	0.621671826625387	-0.15004199062846837
nvp-bhg712			0.2976553571428571	0.621671826625387	-0.1501964360271106
ku-60019			0.2974875	0.621671826625387	-0.1502576765764579
a-804598			0.29554419642857144	0.621671826625387	-0.1509936287073436
erlotinib			0.29500133928571426	0.621671826625387	-0.15121123291810049
topotecan			0.2937214285714286	0.621671826625387	-0.1517180548794324
nvp-bez235			0.2924590773809524	0.621671826625387	-0.1522396816055858
cudc-101			0.2921610119047619	0.621671826625387	-0.15235718136711363
sorafenib			0.2914395833333333	0.621671826625387	-0.15264465309050673
ceranib-2			0.29103050595238095	0.621671826625387	-0.15281441332731158
sch-79797			0.2899095238095238	0.621671826625387	-0.1533070486927191
elocalcitol			0.2889330357142857	0.621671826625387	-0.15374895252210785
irinotecan			0.28702991071428574	0.621671826625387	-0.154632314912185
brd-k26531177			0.28688035714285715	0.621671826625387	-0.1546926925721682
brd-k70511574			0.28515014880952383	0.621671826625387	-0.15550681675553454
unc0321			0.28417291666666666	0.621671826625387	-0.15598251244011793
sb590885			0.27993377976190476	0.6147565359477124	-0.15805203214473248
ku 0060648			0.27895401785714286	0.6146134426229508	-0.15854756491947675
brd-k80183349			0.27788348214285713	0.6142687499999999	-0.15909379386272962
xmd11-85h			0.2765157738095238	0.6132627062706271	-0.1598076058510535
fgin-1-27			0.2759827380952381	0.6132627062706271	-0.16009751118009638
s-trityl-l-cysteine			0.27419940476190474	0.6121661129568106	-0.16103481095882394
bms-754807			0.27222291666666665	0.6097793333333332	-0.1620383386741925
temsirolimus			0.27125119047619045	0.6096347826086956	-0.16255107061903987
etp-46464			0.2704691964285714	0.6096347826086956	-0.162973019028322
isonicotinohydroxamic acid			0.2690272321428571	0.6087080808080808	-0.16374671768167973
fh535			0.26844375	0.6087080808080808	-0.16405966169493397
vincristine			0.2682778273809524	0.6087080808080808	-0.16415206000395904
jw-74			0.2679440476190476	0.6087080808080808	-0.16432281710283456
brd-k75293299			0.26555907738095236	0.6087080808080808	-0.1655487969307204
brd-k78574327			0.26551651785714286	0.6087080808080808	-0.16557243572435124
midostaurin			0.2654797619047619	0.6087080808080808	-0.16558820875339256
hli 373			0.26547589285714285	0.6087080808080808	-0.16559003368050368
nsc632839			0.26476949404761907	0.6087080808080808	-0.1659395537877328
kw-2449			0.26459151785714285	0.6087080808080808	-0.16603158356931616
wz-1-84			0.2637581845238095	0.6087080808080808	-0.16646330214639085
brd-a71883111			0.2633276785714286	0.6087080808080808	-0.16668604615466912
cetuximab			0.26257113095238094	0.6087080808080808	-0.16708540726015753
vx-11e			0.2610925595238095	0.6087080808080808	-0.1678891019000488
pelitinib			0.26091636904761906	0.6087080808080808	-0.16799403350254258
epigallocatechin-3-monogallate			0.2601168154761905	0.6087080808080808	-0.16842639534315293
foretinib			0.2592058035714286	0.6087080808080808	-0.16891668096591203
as605240			0.2563434523809524	0.6087080808080808	-0.170509918600065
chm-1			0.2558778273809524	0.6087080808080808	-0.17076180952648193
mgcd-265			0.2556157738095238	0.6087080808080808	-0.17090282149077513
cay10618			0.254803125	0.6087080808080808	-0.1713588049961216
bms-509744			0.25196026785714287	0.6087080808080808	-0.173009554607787
lapatinib			0.2491982142857143	0.6087080808080808	-0.1745581968170218
vismodegib			0.2486625	0.6087080808080808	-0.17485991187247696
3-cl-ahpc			0.24595565476190476	0.6054293040293041	-0.1763842169872008
purmorphamine			0.2442422619047619	0.6034220588235294	-0.177355160164157
pifithrin-alpha			0.24168779761904763	0.5993143911439115	-0.17878914445876734
palbociclib			0.24003839285714285	0.5974288888888888	-0.17971294096787482
brd-k30019337			0.2385547619047619	0.5959434944237918	-0.18049504029973765
prima-1-met			0.23827261904761904	0.5959434944237918	-0.18065347253113992
sb216763			0.2373107142857143	0.5959434944237918	-0.18120060490501408
silmitasertib			0.2373075892857143	0.5959434944237918	-0.18120330451906752
b02			0.2352659226190476	0.5959434944237918	-0.18228307689932485
azd7762			0.23411428571428572	0.5959272727272727	-0.18292241434605863
jw-55			0.23371889880952382	0.5959272727272727	-0.18313469495315168
rapamycin			0.23315223214285713	0.5959272727272727	-0.18342459570073705
doxorubicin			0.2325046130952381	0.5959272727272727	-0.18376705764952003
nvp-231			0.23048020833333333	0.5957026923076922	-0.18481823835717745
methotrexate			0.2293669642857143	0.5951142857142857	-0.18538767569839945
bix02189			0.22789627976190477	0.5935903100775194	-0.18614688112683553
cil56			0.2275095238095238	0.5935903100775194	-0.18635293123268545
brd-k41597374			0.22709568452380952	0.5935903100775194	-0.1865715302755638
ql-viii-58			0.22701324404761905	0.5935903100775194	-0.18660763734414182
cediranib			0.2252001488095238	0.5935903100775194	-0.18759662689505083
ci-1040			0.2241436011904762	0.5935903100775194	-0.18818167742326083
mdivi-1			0.22354494047619047	0.5935903100775194	-0.18851261504060318
brd-k41334119			0.2234467261904762	0.5935903100775194	-0.1885709683750375
brd-k14844214			0.22144375	0.5935903100775194	-0.18970215841393884
jq12			0.22005267857142857	0.5935903100775194	-0.19048991522670117
chlorambucil			0.21696964285714285	0.5879177419354839	-0.19211023503365007
wh-4-023			0.21649345238095238	0.5879177419354839	-0.1923694002148934
bay-61-3606			0.21539479166666667	0.5879177419354839	-0.19296917051225793
compound 7d-cis			0.21494613095238096	0.5879177419354839	-0.19318963150579915
nelarabine			0.2144144345238095	0.5879177419354839	-0.19345219534420327
ml050			0.21166190476190477	0.5853366255144034	-0.19498472669383532
brd-k34222889			0.21073839285714285	0.5851909090909091	-0.19546213900408094
semagacestat			0.21037991071428572	0.5851909090909091	-0.19564130787579775
srt-1720			0.20932083333333334	0.5851909090909091	-0.1961879051807054
pf-3758309			0.20930059523809524	0.5851909090909091	-0.19619742154468248
brd-k34099515			0.20780833333333334	0.5851909090909091	-0.19696589811778575
teniposide			0.20733854166666665	0.5851909090909091	-0.1972060919707356
xmd8-85			0.20690386904761904	0.5851909090909091	-0.19743824473009883
pd0325901			0.20633824404761905	0.5851909090909091	-0.1977169807173478
brd-k37390332			0.2062892857142857	0.5851909090909091	-0.19774189817090024
epothilone b			0.20614791666666665	0.5851909090909091	-0.19782167810260057
lfm-a13			0.2054483630952381	0.5851909090909091	-0.1981618316928545
nsc 74859			0.20476666666666668	0.5851909090909091	-0.1985318993269897
cytochalasin b			0.2044782738095238	0.5851909090909091	-0.19868406785173243
obatoclax mesylate			0.2027797619047619	0.5851909090909091	-0.19957819640184002
gsk1904529a			0.20232604166666668	0.5851909090909091	-0.19981926842324121
saracatinib			0.20131904761904762	0.5851909090909091	-0.20035318234668048
dmog			0.19936324404761904	0.5851909090909091	-0.20140108539784102
docetaxel			0.19933526785714287	0.5851909090909091	-0.20141633030903383
narciclasine			0.19819806547619048	0.5851909090909091	-0.20204271261086468
ifosfamide			0.1981799107142857	0.5851909090909091	-0.2020501404758033
barasertib			0.19733973214285713	0.5851909090909091	-0.20249929582055487
ki8751			0.19632604166666667	0.5851909090909091	-0.20303502338893387
tacrolimus			0.19524464285714285	0.5851909090909091	-0.20356317240271124
pac-1			0.19359315476190475	0.5851909090909091	-0.20429820969259063
enzastaurin			0.19121547619047619	0.5851909090909091	-0.2053099528601142
az-3146			0.19062425595238094	0.5851909090909091	-0.20556725920363994
brd-k35604418			0.1903766369047619	0.5851909090909091	-0.20567443316141543
apicidin			0.1899360119047619	0.5851909090909091	-0.2058645770117626
yk 4-279			0.18984136904761906	0.5851909090909091	-0.20590435550188757
brd-k71935468			0.1885200892857143	0.5851909090909091	-0.20646656681730616
stf-62247			0.18814032738095238	0.5851909090909091	-0.20662128598419166
sb-431542			0.1873436011904762	0.5851909090909091	-0.2069658087452742
fumonisin b1			0.18704300595238096	0.5851909090909091	-0.20709638723487506
xmd15-27			0.18667946428571427	0.5851909090909091	-0.20725360609523966
wz8040			0.18659553571428572	0.5851909090909091	-0.2072876689765429
brd-a02303741			0.1853845238095238	0.5851909090909091	-0.20780025113403816
pyrimethamine			0.1836232142857143	0.5851909090909091	-0.20857968826729997
nakiterpiosin			0.18259330357142858	0.5851909090909091	-0.20907962956846238
jw-7-24-1			0.18181145833333334	0.5851909090909091	-0.20945076398773824
at7867			0.18158348214285713	0.5851909090909091	-0.2095594320550484
neopeltolide			0.17914300595238095	0.5851909090909091	-0.21077071504811465
valdecoxib			0.17891279761904763	0.5851909090909091	-0.21088412324853806
681640			0.177571875	0.5851909090909091	-0.21161921287570107
shikonin			0.1775627976190476	0.5851909090909091	-0.21162181921606374
jq1			0.177134375	0.5851909090909091	-0.21187301710348047
jq-1			0.1760639880952381	0.5851909090909091	-0.2124817999212818
alisertib			0.17481205357142857	0.5851909090909091	-0.21316457254201743
rtrail			0.1731330357142857	0.5851909090909091	-0.21414316203409148
iu1			0.17306934523809525	0.5851909090909091	-0.21417905589184055
vinblastine			0.1705625	0.5851909090909091	-0.2156911489038494
neratinib			0.17050357142857142	0.5851909090909091	-0.21573628958821692
sildenafil			0.1698127976190476	0.5851909090909091	-0.21617479555039887
salubrinal			0.16966726190476192	0.5851909090909091	-0.21628492267821967
gsk1059615			0.16818511904761904	0.5851909090909091	-0.21728028237185146
brd-k13999467			0.16670729166666667	0.5851909090909091	-0.2183227045871345
vorapaxar			0.16486369047619048	0.5851909090909091	-0.21960279004259095
mk-2206			0.16415431547619047	0.5851909090909091	-0.22011291942352929
pyr-41			0.16407931547619048	0.5851909090909091	-0.2201667561100878
necrostatin-1			0.16388988095238094	0.5851909090909091	-0.22028104608444402
le-135			0.1636267857142857	0.5851909090909091	-0.220454372892579
curcumin			0.1634215773809524	0.5851909090909091	-0.22059563972421842
ar-42			0.16297276785714285	0.5851909090909091	-0.2208941931481008
gsk-3 inhibitor ix			0.16295997023809525	0.5851909090909091	-0.22090785587198541
ml203			0.16267380952380953	0.5851909090909091	-0.22109344229118702
brd1835			0.1616626488095238	0.5851909090909091	-0.22179918773100957
gsk650394			0.15971339285714287	0.5851909090909091	-0.2231568635098341
dactolisib			0.15822797619047618	0.5851909090909091	-0.22417915262938196
pictilisib			0.15811919642857142	0.5851909090909091	-0.22424578788273075
lrrk2-in-1			0.15807113095238096	0.5851909090909091	-0.2242820086707548
ml210			0.15803318452380952	0.5851909090909091	-0.22430948665229442
cgp-60474			0.1565388392857143	0.5851909090909091	-0.22536199200218443
indisulam			0.1554418154761905	0.5851909090909091	-0.2260803861936887
isoliquiritigenin			0.15526800595238094	0.5851909090909091	-0.2261849275361243
isoevodiamine			0.1551654761904762	0.5851909090909091	-0.22624380222852755
pdmp			0.15375565476190475	0.5851909090909091	-0.22715456098296838
brivanib			0.15357336309523809	0.5851909090909091	-0.2272653245180876
cimetidine			0.15350401785714285	0.5851909090909091	-0.22730936215561573
kx2-391			0.1533095238095238	0.5851909090909091	-0.22743223616909738
zstk474			0.15258258928571428	0.5851909090909091	-0.22788737136598589
ouabain			0.1519221726190476	0.5851909090909091	-0.22831804169194647
raf265			0.15168125	0.5851909090909091	-0.22847460885457888
vinorelbine			0.1515965773809524	0.5851909090909091	-0.2285264652332823
i-bet-762			0.15078497023809523	0.5851909090909091	-0.22900919978323125
tpca-1			0.14943169642857143	0.5851909090909091	-0.2297681456674577
bleomycin			0.1489672619047619	0.5851909090909091	-0.23004400089404067
luminespib			0.14656145833333334	0.5851909090909091	-0.2314816206085024
agk-2			0.1459200892857143	0.5851909090909091	-0.23181244540949913
tivantinib			0.14552336309523808	0.5851909090909091	-0.2320208894846663
ruxolitinib			0.14440297619047618	0.5851909090909091	-0.23264700363769125
nu7441			0.1440159226190476	0.5851909090909091	-0.23287595359952817
eht-1864			0.14389300595238094	0.5851909090909091	-0.23294115182656389
fedratinib			0.14232291666666666	0.5851909090909091	-0.23386148430524412
lenvatinib			0.14230505952380954	0.5851909090909091	-0.23387530250404617
gsk461364			0.1411654761904762	0.5851909090909091	-0.23457202818227588
hg6-64-1			0.14105669642857144	0.5851909090909091	-0.23463526897481932
tl-1-85			0.13954270833333332	0.5851909090909091	-0.23550509334124486
leptomycin b			0.13921904761904763	0.5851909090909091	-0.2356851753013206
cil41			0.13754017857142858	0.5851909090909091	-0.2367244430629223
nvp-tae684			0.13666800595238096	0.5851909090909091	-0.237260651271368
triazolothiadiazine			0.13663452380952382	0.5851909090909091	-0.2372803579961548
ski-ii			0.13584181547619048	0.5851909090909091	-0.23781472286747088
abiraterone			0.135821875	0.5851909090909091	-0.23782708724190774
selisistat			0.13521741071428572	0.5851909090909091	-0.2381871262714991
nvp-adw742			0.13488482142857142	0.5851909090909091	-0.23839370921177055
brd-k29086754			0.13390431547619047	0.5851909090909091	-0.23902450370129646
pf-573228			0.13388675595238095	0.5851909090909091	-0.2390353542409047
bleomycin a2			0.133796875	0.5851909090909091	-0.23910086340159778
canertinib			0.13225238095238095	0.5851909090909091	-0.24009086504537108
tipifarnib-p1			0.12996964285714285	0.5851909090909091	-0.24145416074456502
tw-37			0.12900848214285715	0.5851909090909091	-0.2419728475087393
nsc48300			0.12678169642857143	0.5851909090909091	-0.2430927643811903
thz-2-49			0.12611175595238094	0.5851909090909091	-0.24347018146633442
pd173074			0.12363407738095238	0.5851909090909091	-0.2448561844733456
a-443654			0.12240952380952382	0.5851909090909091	-0.2455340934564424
istradefylline			0.11853154761904762	0.5851909090909091	-0.24764912134562606
r428			0.1181688988095238	0.5851909090909091	-0.24786034079960734
yk-4-279			0.11798467261904762	0.5851909090909091	-0.24797249524508344
sgc0946			0.11681473214285715	0.5851909090909091	-0.24864820873340487
parbendazole			0.1133125	0.5851909090909091	-0.2507214951510513
z-llnle-cho			0.11204776785714286	0.5851909090909091	-0.25153783437427385
azd4547			0.11178779761904761	0.5851909090909091	-0.2517144911037225
avicin d			0.11103407738095238	0.5851909090909091	-0.2522189090279345
aa-cocf3			0.10957202380952381	0.5851909090909091	-0.2531982372659664
xmd8-92			0.10783050595238096	0.5851909090909091	-0.2543173100371543
brd8899			0.10708258928571429	0.5851909090909091	-0.2548345713329894
sl0101			0.1060751488095238	0.5851909090909091	-0.2555635729998773
bibr-1532			0.10578645833333333	0.5851909090909091	-0.2557545999447392
clofarabine			0.10558333333333333	0.5851909090909091	-0.25589416151328687
at13387			0.10373928571428571	0.5851909090909091	-0.2572019625543963
bms-536924			0.10340327380952381	0.5851909090909091	-0.25742549279179666
azd6482			0.10241785714285714	0.5851909090909091	-0.2580587298472684
t0901317			0.1017672619047619	0.5851909090909091	-0.2584936186994361
tanespimycin			0.10172604166666667	0.5851909090909091	-0.25852739102787414
cil70			0.10117366071428571	0.5851909090909091	-0.2588795324238856
brd-k09587429			0.1011610119047619	0.5851909090909091	-0.25889191661864863
qs11			0.09877738095238095	0.5851909090909091	-0.2606597821370299
ko-143			0.09748720238095238	0.5851909090909091	-0.2617442992900745
gw441756			0.09518571428571429	0.5851909090909091	-0.2636506809011595
jw-7-52-1			0.09449345238095239	0.5851909090909091	-0.26431248291218684
cal-101			0.09433541666666667	0.5851909090909091	-0.2644675846673082
prl-3 inhibitor i			0.09375104166666667	0.5851909090909091	-0.2650251650496025
tamoxifen			0.09312113095238095	0.5851909090909091	-0.26566696459738615
thz-2-102-1			0.09238824404761904	0.5851909090909091	-0.26639597663342074
ro-3306			0.09230892857142857	0.5851909090909091	-0.2664836817770399
isox			0.09218645833333333	0.5851909090909091	-0.26662435499330506
pf-4708671			0.09017276785714286	0.5851909090909091	-0.2686759162208853
a-770041			0.09006696428571428	0.5851909090909091	-0.2687782411610752
su11274			0.08955877976190477	0.5851909090909091	-0.2692360360194243
pha-793887			0.08884419642857143	0.5851909090909091	-0.26993743255394337
tak-715			0.08866324404761905	0.5851909090909091	-0.27010935578919487
manumycin a			0.0879001488095238	0.5851909090909091	-0.2708720575701471
necrostatin-7			0.08789613095238095	0.5851909090909091	-0.2708774379446962
cct-018159			0.0866875	0.5851909090909091	-0.2721039973869635
az628			0.08174285714285714	0.5851909090909091	-0.27695659211649576
azd8055			0.07987857142857142	0.5851909090909091	-0.27861437055058635
cd-437			0.079640625	0.5851909090909091	-0.2787906558268425
kin001-266			0.07863511904761905	0.5851909090909091	-0.27957071197914857
tki258			0.07797827380952381	0.5851909090909091	-0.28007867399608627
pf-184			0.07740297619047619	0.5851909090909091	-0.2805629845599451
ml311			0.07491071428571429	0.5851909090909091	-0.2825139630627693
tae684			0.07446502976190476	0.5851909090909091	-0.28284450283319124
ponatinib			0.07441696428571429	0.5851909090909091	-0.2828915828852065
chir-99021			0.0736639880952381	0.5851909090909091	-0.28337133510328605
pd 153035			0.07339910714285715	0.5851909090909091	-0.28349812761725435
aica ribonucleotide			0.07284895833333334	0.5851909090909091	-0.2838542461444987
thapsigargin			0.0720983630952381	0.5851909090909091	-0.28438528243321726
mi-1			0.070203125	0.5851909090909091	-0.28603668072891725
nsc95397			0.06859613095238096	0.5851909090909091	-0.287669228354606
brd-k66453893			0.0683827380952381	0.5851909090909091	-0.28789621809270205
npc-26			0.06714776785714285	0.5851909090909091	-0.2895117485612888
pf-562271			0.06455029761904763	0.5851909090909091	-0.29301822085566487
azd7545			0.06428169642857143	0.5851909090909091	-0.29339476659906233
cabozantinib			0.06303586309523809	0.5851909090909091	-0.2948945285952707
ml320			0.061777678571428574	0.5851909090909091	-0.29683408146777496
cct007093			0.06173035714285714	0.5851909090909091	-0.29692280793515763
pitstop2			0.06111026785714286	0.5851909090909091	-0.29807545095826565
pevonedistat			0.060873363095238095	0.5851909090909091	-0.29855509460667595
sunitinib			0.05964672619047619	0.5851909090909091	-0.30081117667645396
jnk-9l			0.05771651785714286	0.5851909090909091	-0.304765709943432
bi-2536			0.057525	0.5851909090909091	-0.30514974439961956
gemcitabine			0.05725178571428571	0.5851909090909091	-0.30572288996774416
dacarbazine			0.0572	0.5851909090909091	-0.30584147364201425
cgp-082996			0.056664285714285716	0.5851909090909091	-0.3069946672856461
fti-277			0.05617202380952381	0.5851909090909091	-0.308107931711096
nutlin-3a (-)			0.055899255952380954	0.5851909090909091	-0.3086976982328031
cytarabine hydrochloride			0.05566309523809524	0.5851909090909091	-0.30925474633352007
osu-03012			0.05385535714285714	0.5851909090909091	-0.31282382540090586
afatinib			0.05356830357142857	0.5851909090909091	-0.31341476197851365
ku-0063794			0.053199553571428575	0.5851909090909091	-0.31416201730901366
bosutinib			0.05210892857142857	0.5851909090909091	-0.31619533601790467
tamatinib			0.04891994047619048	0.5851909090909091	-0.3236442010759573
tipifarnib			0.04881830357142857	0.5851909090909091	-0.3239301991198742
pyrazolanthrone			0.04655610119047619	0.5851909090909091	-0.32895489884975904
l-685458			0.044715029761904765	0.5851909090909091	-0.3324039316412837
triptolide			0.04468154761904762	0.5851909090909091	-0.33245224173574034
erastin			0.043465625	0.5851909090909091	-0.333818102814751
kin001-270			0.04341428571428572	0.5851909090909091	-0.33391331591828904
phloretin			0.04331681547619048	0.5851909090909091	-0.3340759805797535
brd-k51490254			0.041652380952380955	0.5851909090909091	-0.3375069501811389
doramapimod			0.04149136904761905	0.5851909090909091	-0.3379196846199871
embelin			0.040600892857142856	0.5851909090909091	-0.3409044041337415
smer-3			0.040342857142857146	0.5851909090909091	-0.34181836081511363
paclitaxel			0.0393625	0.5851909090909091	-0.3445486402761902
fr-180204			0.03919776785714286	0.5851909090909091	-0.34510152497219015
bms-195614			0.036642708333333336	0.5851909090909091	-0.3515924228610567
sepantronium bromide			0.036482291666666666	0.5851909090909091	-0.3521415789508767
tg-101348			0.03562306547619048	0.5851909090909091	-0.35444462113363845
at-7519			0.03531354166666666	0.5851909090909091	-0.35512030919791227
nintedanib			0.03524836309523809	0.5851909090909091	-0.35528238956260816
ac55649			0.03499122023809524	0.5851909090909091	-0.3561081436657203
as601245			0.03481800595238095	0.5851909090909091	-0.35676175483766676
avagacestat			0.03448645833333333	0.5851909090909091	-0.3577808038191493
wiki4			0.03287247023809524	0.5851909090909091	-0.36262723574047556
zibotentan			0.03230863095238095	0.5851909090909091	-0.3639275740309493
byl-719			0.031926190476190476	0.5851909090909091	-0.36472700413529263
gdc-0941			0.03170669642857143	0.5851909090909091	-0.3651778948991446
ispinesib mesylate			0.03147306547619048	0.5851909090909091	-0.36564458443205544
cisplatin			0.030660416666666666	0.5851909090909091	-0.36739406387585455
axitinib			0.030072767857142857	0.5851909090909091	-0.36878437924046786
pfi-1			0.029141220238095237	0.5851909090909091	-0.3716112015366144
staurosporine			0.027688541666666667	0.5851909090909091	-0.37720627638547305
bryostatin 1			0.025883482142857142	0.5851909090909091	-0.38354642738005973
quizartinib			0.025714285714285714	0.5851909090909091	-0.3842364498688275
pazopanib			0.02489613095238095	0.5851909090909091	-0.3880342169967531
ku-55933			0.023512053571428573	0.5851909090909091	-0.39509516692803914
fluorouracil			0.02327767857142857	0.5851909090909091	-0.3960540404057945
ql-xii-61			0.023249255952380952	0.5851909090909091	-0.3961459557876675
xav939			0.021438988095238094	0.5851909090909091	-0.4056412574456248
ml258			0.019275892857142856	0.5851909090909091	-0.41187174278195365
gsk269962a			0.018905059523809525	0.5851909090909091	-0.4127277728785435
lovastatin			0.01723154761904762	0.5851909090909091	-0.41559022722993166
sr1001			0.009557440476190476	0.5838727272727272	-0.428679519977827
snx-2112		0.03639909512484905	0.008216517857142858	0.5521500000000001	-0.43966000061608473
hyperforin		0.08458418298223765	0.005726190476190476	0.4275555555555556	-0.4747479857820159
hg-5-88-01		0.10434315400459561	0.005123363095238095	0.4275555555555556	-0.4795269945004668
vandetanib		0.03956955294695411	0.0036528273809523807	0.3506714285714286	-0.4927027710690415
brd-k19103580		0.04873669745249406	0.003164136904761905	0.3506714285714286	-0.497801208698627
bicalutamide		0.03378091802385236	0.002887202380952381	0.3506714285714286	-0.5076840209770389
momelotinib		0.03994495518017711	0.0026717261904761905	0.3506714285714286	-0.5354002648211711
hg-5-113-01		0.12464483621366367	0.0016449404761904763	0.3506714285714286	-0.6348362416522596
zg-10		0.07317776631055813	0.0006711309523809523	0.2255	-0.6491326960586298
myriocin		0.049669687343378476	0.0003602678571428571	0.2255	-0.6730640127746492
