Name	Score(0.95 MoE)	0.95 MoE	p-value	FDR	Score
brd-k71781559		0.08563321890339803	0.001101190476190476	0.74	0.5602319338985049
gsk-j4		0.03863362822724786	0.005758928571428571	0.9957228017883756	0.4523473696084019
lbw242		0.04054483652786108	0.005788690476190476	0.9957228017883756	0.4522737008731153
ic-87114		0.13452200846210421	0.01	0.994439461883408	0.422734757645981
brd-k94991378		0.0331058260708353	0.011398809523809525	0.994439461883408	0.4197797964305802
ipa-3		0.14806654112904302	0.015922619047619047	0.9914542728635682	0.4124546458215577
way-362450		0.06865624438846588	0.024226190476190478	0.9845645645645645	0.38263050406702015
azacitidine		0.03612848691116321	0.03263392857142857	0.9775488721804512	0.35766334915265113
trifluoperazine		0.03352302156839117	0.03705357142857143	0.9745481927710843	0.3474044492967631
sid 26681509		0.02506262351893134	0.03912202380952381	0.9739215686274509	0.3414771008247967
stemregenin 1			0.04200892857142857	0.9724622356495468	0.33433831802086367
gsk690693			0.04394345238095238	0.9719667170953101	0.33103808886720804
gw-2580			0.04514880952380952	0.9719667170953101	0.3285130608552738
brd-k29313308			0.04794642857142857	0.970834597875569	0.3227062854445823
birinapant			0.048214285714285716	0.970834597875569	0.32233667052006154
nsc-207895			0.049553571428571426	0.970834597875569	0.31906413129564476
erismodegib			0.05	0.970834597875569	0.3181137564771751
navitoclax			0.051220238095238096	0.970834597875569	0.31560893210357066
ver-155008			0.052872023809523806	0.970834597875569	0.3123143507080534
vx-680			0.05644345238095238	0.970834597875569	0.3060670984444188
sb52334			0.05712797619047619	0.970834597875569	0.3051681635740923
ci-976			0.06117559523809524	0.9691090629800307	0.2983572721877452
dbeq			0.06302083333333333	0.9686923076923077	0.2952632152054377
piperlongumine			0.06688988095238095	0.9661787365177196	0.29103798582384316
daporinad			0.0696875	0.9647685185185185	0.2884654620719067
etomoxir			0.07063988095238095	0.9647685185185185	0.2875050872150478
gsk525762a			0.07269345238095239	0.9646284829721362	0.2858987716315922
fsc231			0.07352678571428571	0.9646284829721362	0.28545362859144296
sotrastaurin			0.07510416666666667	0.9646284829721362	0.284369919242502
dabrafenib			0.07575892857142857	0.9646284829721362	0.2840793265524501
amuvatinib			0.07754464285714285	0.9646284829721362	0.2834272828268256
brd-a86708339			0.08183035714285715	0.9625741029641185	0.2805243657059756
niclosamide			0.08214285714285714	0.9625741029641185	0.28029320063601376
nilotinib			0.08790178571428571	0.9592018779342724	0.2752946652920656
pf-4800567 hydrochloride			0.08970238095238095	0.9588087774294671	0.2735008964638891
brd8958			0.09388392857142858	0.9559026687598117	0.2697198673157788
qs-11			0.09855654761904761	0.9524685534591195	0.26519782914846934
kh-cb19			0.09907738095238096	0.9524685534591195	0.2646838685859043
pifithrin-mu			0.10169642857142858	0.9521451104100946	0.2622066158734765
neuronal differentiation inducer iii			0.10727678571428571	0.9477251184834123	0.2581775679885419
brd-k99006945			0.11040178571428572	0.9459018987341772	0.25646191491869735
wz3105			0.11166666666666666	0.9459018987341772	0.25593778013297513
brd-k51831558			0.11235119047619048	0.9459018987341772	0.2555673642562105
rucaparib			0.11397321428571429	0.9459018987341772	0.2546836911251751
motesanib			0.11563988095238095	0.9459018987341772	0.25371315521185733
compound 1b			0.11601190476190476	0.9459018987341772	0.2535222058825751
brd-k85133207			0.11848214285714286	0.9459018987341772	0.2521269470395331
compound 1541a			0.11886904761904762	0.9459018987341772	0.25191409055724395
bec			0.12174107142857143	0.9458173076923078	0.2504901487152963
hbx-41108			0.1274404761904762	0.9411878009630819	0.24738881199133472
tivozanib			0.12885416666666666	0.9411736334405144	0.24649111128513534
mi-2			0.1295238095238095	0.9411736334405144	0.2461609205702742
sch-529074			0.1297470238095238	0.9411736334405144	0.24602014893794608
merck60			0.13071428571428573	0.9411736334405144	0.24564821588873148
vorinostat			0.13351190476190475	0.9411736334405144	0.24414854782810136
sb-743921			0.13452380952380952	0.9411736334405144	0.24357403652623424
cbb-1007			0.13556547619047618	0.9411736334405144	0.24294049266369547
compound 23 citrate			0.13660714285714284	0.9411736334405144	0.24215309546905667
gnf-2			0.13732142857142857	0.9411736334405144	0.2416496977743346
austocystin d			0.1376190476190476	0.9411736334405144	0.24136713311447003
pd-0332991			0.14415178571428572	0.9397549019607844	0.23693980057826694
vu0155056			0.14476190476190476	0.9397549019607844	0.23647151903940286
unc1215			0.15251488095238094	0.9336229508196722	0.23167211060769943
plx-4720			0.15398809523809523	0.9335303776683087	0.23090397599274254
bortezomib			0.16488095238095238	0.9230263157894737	0.22413936954845087
belinostat			0.16683035714285716	0.9223887973640857	0.22290277156255695
ml312			0.17197916666666666	0.9182013201320132	0.2191068073381702
brd-k66532283			0.17285714285714285	0.9182013201320132	0.21860366126294933
elesclomol			0.17336309523809523	0.9182013201320132	0.21822131805533465
crizotinib			0.17563988095238095	0.9182013201320132	0.21688559187780845
cp724714			0.17770833333333333	0.917906976744186	0.2154920692973961
gsk1070916			0.17830357142857142	0.917906976744186	0.21520295313133486
brd-k33199242			0.1858779761904762	0.9118166666666666	0.21092831827655711
mg-132			0.18668154761904762	0.9118166666666666	0.21055092242004733
brd-k61166597			0.18985119047619048	0.9104013377926422	0.20900309124322947
mps-1-in-1			0.19248511904761906	0.908961474036851	0.2080119476462537
brd-k33514849			0.1928125	0.908961474036851	0.20788174364557452
sb-505124			0.1940922619047619	0.908961474036851	0.20745365342892996
ciclopirox			0.1967559523809524	0.9087205387205388	0.20651115118466343
ly-2157299			0.2000297619047619	0.9065430016863406	0.2055660870370605
tubastatin a			0.20019345238095237	0.9065430016863406	0.2055026205183178
lomeguatrib			0.20086309523809523	0.9065430016863406	0.2052703883204444
lbh-589			0.20267857142857143	0.9065430016863406	0.20468497586875387
brd-a94377914			0.2040625	0.9065430016863406	0.20428796384727096
gsk4112			0.2052529761904762	0.9065430016863406	0.20390610157530972
ql-x-138			0.20558035714285713	0.9065430016863406	0.20378926468975916
brd-k27224038			0.2058482142857143	0.9065430016863406	0.20369717232997836
cct036477			0.2065029761904762	0.9065430016863406	0.20353542789749038
alvocidib			0.20882440476190475	0.9065430016863406	0.20276458580271875
cay10594			0.21044642857142856	0.9065430016863406	0.20229579645076706
cr-1-31b			0.2109375	0.9065430016863406	0.20214016515617472
plx-4032			0.2112202380952381	0.9065430016863406	0.20204301480749096
brd-k96431673			0.21302083333333333	0.9065430016863406	0.20150020780229608
tigecycline			0.2130654761904762	0.9065430016863406	0.20149025546613408
pi-103			0.21369047619047618	0.9065430016863406	0.2012557355639904
pandacostat			0.21595238095238095	0.9065430016863406	0.2005591388996307
osi-027			0.21608630952380953	0.9065430016863406	0.20049903203128042
mln2480			0.21840773809523809	0.9065430016863406	0.1996402347875559
zm447439			0.21901785714285715	0.9065430016863406	0.19940857000194545
sr-ii-138a			0.22260416666666666	0.9065430016863406	0.1982832775962737
tl-2-105			0.22830357142857144	0.9065430016863406	0.196533148089504
cx-5461			0.23760416666666667	0.8972504378283713	0.1932967764045653
cay10576			0.23818452380952382	0.8972504378283713	0.19301314233153002
brd-k34485477			0.2447767857142857	0.891933216168717	0.1902531564860645
qw-bi-011			0.2465029761904762	0.8914612676056337	0.18959103648744816
brd-k27986637			0.24854166666666666	0.8906172839506173	0.18853376519410536
fingolimod			0.24944940476190477	0.8906172839506173	0.18813391843950672
bcl-lzh-4			0.251235119047619	0.8905663716814158	0.1872000352388021
fmk			0.25336309523809525	0.8896099290780142	0.18620818438666278
brd-k48334597			0.25550595238095236	0.8886323268206039	0.18517684449614394
brd-k01737880			0.25938988095238097	0.8855693950177936	0.18332551098484395
linsitinib			0.25941964285714286	0.8855693950177936	0.1833055846622961
brd-k17060750			0.26151785714285714	0.8855693950177936	0.182245784569881
brd-k88742110			0.26215773809523807	0.8855693950177936	0.18194992270693924
bardoxolone methyl			0.26305059523809526	0.8855693950177936	0.18146958511977507
cucurbitacin i			0.26336309523809526	0.8855693950177936	0.18130160177514415
xl765			0.2767113095238095	0.8741906474820145	0.1737212622775214
azd6244			0.27819940476190474	0.873963963963964	0.17279533922819107
gdc-0879			0.28763392857142855	0.8640974729241878	0.16750080204206327
pha-665752			0.28776785714285713	0.8640974729241878	0.1674291761094266
obatoclax			0.28842261904761907	0.8640974729241878	0.16700107761915184
seliciclib			0.2905059523809524	0.8640974729241878	0.16600908813500287
darinaparsin			0.293110119047619	0.8636909090909091	0.1646705275877529
abt-199			0.2938095238095238	0.8636909090909091	0.1643339077536522
ipr-456			0.2945535714285714	0.8636909090909091	0.16386034714818837
at-406			0.29651785714285717	0.8636909090909091	0.16278427536513324
o-6-benzylguanine			0.30674107142857143	0.8532417582417582	0.15751758351378498
unc0638			0.3108184523809524	0.8497798165137614	0.15561553320246516
brd-k11533227			0.3116517857142857	0.8497798165137614	0.15523584529369083
cid-5951923			0.31241071428571426	0.8497798165137614	0.1549128430072667
brd-k84807411			0.316547619047619	0.847380073800738	0.15292193246870106
kin001-244			0.3172172619047619	0.847380073800738	0.15262053985168195
avrainvillamide			0.3195982142857143	0.8467222222222222	0.15156425129517812
iox2			0.3219345238095238	0.8453803339517625	0.1505778030590266
968			0.3225892857142857	0.8453803339517625	0.15035924240703386
plx4720			0.32370535714285714	0.8453803339517625	0.14987162826462014
fulvestrant			0.3267113095238095	0.8441231343283581	0.14876638434186137
nsc23766			0.3277380952380952	0.8441231343283581	0.14836585282594272
cerulenin			0.32909226190476193	0.8441231343283581	0.1478440997082718
nutlin-3			0.3293154761904762	0.8441231343283581	0.14775249591191433
brd-k02251932			0.3330505952380952	0.8424624060150376	0.14651339749424985
sb-525334			0.33444940476190477	0.8422787193973635	0.1460225181070237
brd6340			0.3345982142857143	0.8422787193973635	0.1459562613619295
gmx-1778			0.33714285714285713	0.8420415879017012	0.14518651240863933
bx796			0.3371875	0.8420415879017012	0.14516590754920497
tgx-221			0.3374404761904762	0.8420415879017012	0.1450742879228159
bix-01294			0.3410714285714286	0.8418250950570342	0.14397057534274468
nsc-87877			0.3414285714285714	0.8418250950570342	0.1438662650599505
gossypol			0.3416666666666667	0.8418250950570342	0.14380783221371235
skepinone-l			0.34278273809523807	0.8418250950570342	0.1434886352765893
brd-k28456706			0.3430059523809524	0.8418250950570342	0.14343615510088498
cyanoquinoline 11			0.34569940476190475	0.8418250950570342	0.14268382468626564
oligomycin a			0.34794642857142855	0.8418250950570342	0.14208153545708785
pf-543			0.3502232142857143	0.8413294797687861	0.14152017705058897
aew541			0.3552529761904762	0.8364285714285713	0.14017716893397908
pf-750			0.3557142857142857	0.8364285714285713	0.1400340450841159
tgx221			0.3563392857142857	0.8364285714285713	0.13987179144393613
16-beta-bromoandrosterone			0.3564880952380952	0.8364285714285713	0.13983296563478104
i-bet151			0.35663690476190474	0.8364285714285713	0.13978321866301435
bax channel blocker			0.3567410714285714	0.8364285714285713	0.13972220902732135
itraconazole			0.3602232142857143	0.8364285714285713	0.1389380905065021
vx-702			0.36227678571428573	0.8364285714285713	0.13848006216681616
bx-912			0.3624107142857143	0.8364285714285713	0.1384449233670239
wz4002			0.3654910714285714	0.8364285714285713	0.13769877015218784
myricetin			0.3674107142857143	0.8364285714285713	0.13724683160454965
sz4ta2			0.3679315476190476	0.8364285714285713	0.13710839714007284
wp1130			0.3773809523809524	0.8268774703557312	0.135005377618053
gsk319347a			0.37927083333333333	0.826	0.13465201599869372
brd-k45681478			0.37927083333333333	0.826	0.1346491398947788
xmd13-2			0.3807738095238095	0.826	0.1344357653200738
talazoparib			0.38188988095238097	0.826	0.1342737797185231
ym201636			0.3837946428571429	0.826	0.13387775259400198
ml083			0.3840327380952381	0.826	0.13382204871033182
nsc19630			0.385625	0.826	0.13348087090103647
ciclosporin			0.385625	0.826	0.1334787682587678
cay10603			0.3895982142857143	0.8253319919517103	0.13255001905407085
cil55			0.3924553571428571	0.8231249999999999	0.13204282372751427
brd-k42260513			0.3934672619047619	0.8231249999999999	0.13175851562481233
brd-m00053801			0.3955952380952381	0.8221862348178137	0.13122925396623802
brd-k86535717			0.3963244047619048	0.8221862348178137	0.1310343683341437
pl-di			0.3980952380952381	0.8221138211382115	0.130624894359869
necrosulfonamide			0.39879464285714283	0.8221138211382115	0.13045466672980885
gw-405833			0.4033184523809524	0.8183061224489796	0.12935788257007869
brd4132			0.4075297619047619	0.8141922290388549	0.12792764220675748
ml239			0.4083630952380952	0.8141922290388549	0.12760000886069153
genentech cpd 10			0.41066964285714286	0.8132032854209447	0.12666645241830915
osi-930			0.42534226190476193	0.7945884773662552	0.11848263866706772
dinaciclib			0.4253571428571429	0.7945884773662552	0.11846133943854548
azd0530			0.425625	0.7945884773662552	0.11821155696812938
dasatinib			0.42614583333333333	0.7945884773662552	0.11778961688180746
vaf-347			0.4269047619047619	0.7945884773662552	0.1171511417921928
pd-0325901			0.4291964285714286	0.7945884773662552	0.11553520189620264
brd-k30748066			0.4376041666666667	0.7873541666666666	0.11001799464933282
ql-xii-47			0.44651785714285713	0.7764926931106471	0.10377126157564476
gsk2636771			0.45748511904761907	0.7626987447698745	0.09772413520910528
marinopyrrole a			0.45834821428571426	0.7626987447698745	0.09733233866546462
abt-737			0.45891369047619046	0.7626987447698745	0.09708481226764258
masitinib			0.4630357142857143	0.7596631578947367	0.09502444684457328
blebbistatin			0.46626488095238094	0.7566877637130801	0.09298188907946241
ml029			0.47136904761904763	0.7510359408033825	0.08962158280143528
zd-6474			0.4816666666666667	0.7379661016949153	0.07948472683582217
elcpk			0.48488095238095236	0.7349469214437367	0.07532546701393023
brd-k92856060			0.4889136904761905	0.7307446808510638	0.07070019757975633
brd-k44224150			0.4913839285714286	0.7287633262260129	0.06819775435643559
bexarotene			0.49688988095238096	0.7224145299145299	0.06237097981685549
mln2238			0.49842261904761903	0.7217558886509635	0.060760898589490006
kin001-236			0.4969047619047619	0.7165665236051503	0.05583586956478596
regorafenib			0.49311011904761903	0.7126236559139785	0.05179268172535318
pluripotin			0.49114583333333334	0.7113146551724138	0.04978996912889014
cd-1530			0.49052083333333335	0.7113146551724138	0.0491150679295911
rita			0.48941964285714284	0.7113146551724138	0.047519340015664976
alectinib			0.4700297619047619	0.6851626898047722	-0.04488763464202851
sns-032			0.46855654761904764	0.6845	-0.04659197606992342
ml334 diastereomer			0.4669047619047619	0.6835729847494553	-0.04806224812014423
kin001-260			0.46514880952380955	0.6824890829694323	-0.049993691320095984
tretinoin			0.46422619047619046	0.6824890829694323	-0.050956170448628865
n9-isopropylolomoucine			0.4626339285714286	0.6817763157894737	-0.052573902602214784
repligen 136			0.46043154761904764	0.6800219780219781	-0.05486980693192176
tosedostat			0.46007440476190475	0.6800219780219781	-0.05518137210809555
decitabine			0.45860119047619047	0.6800219780219781	-0.05638830921816421
gsk429286a			0.45729166666666665	0.6798672566371681	-0.05783086233939688
entinostat			0.4564434523809524	0.6798672566371681	-0.058578630708665064
cyclophosphamide			0.45535714285714285	0.6798672566371681	-0.059587926330736125
1s,3r-rsl-3			0.45461309523809523	0.6798672566371681	-0.06012265884243174
parthenolide			0.45311011904761905	0.6796651785714286	-0.061350735334454086
birb-796			0.4486904761904762	0.6745413870246085	-0.06563594837601516
ch-55			0.4432440476190476	0.667847533632287	-0.0704467878162746
prochlorperazine			0.4411607142857143	0.6662022471910113	-0.072322084758635
tozasertib			0.44061011904761904	0.6662022471910113	-0.07286047160661736
imatinib			0.4377827380952381	0.6640857787810384	-0.07579941535689594
tipifarnib-p2			0.43660714285714286	0.6638009049773755	-0.0771913286165996
fqi-1			0.43592261904761903	0.6638009049773755	-0.07772929028282062
gant-61			0.4316517857142857	0.65925	-0.0818566499907313
olaparib			0.4284970238095238	0.6559225512528474	-0.08516962673437466
procarbazine			0.4283482142857143	0.6559225512528474	-0.08535766778910063
jw-480			0.42808035714285714	0.6559225512528474	-0.08571629865676751
sgx-523			0.4277827380952381	0.6559225512528474	-0.08603547188353283
salermide			0.4277232142857143	0.6559225512528474	-0.08610455788955085
importazole			0.4271279761904762	0.6559225512528474	-0.08665066952203279
mitomycin-c			0.42674107142857143	0.6559225512528474	-0.08687893417413417
ml006			0.4257738095238095	0.6559225512528474	-0.08766631450403785
bms-345541			0.425639880952381	0.6559225512528474	-0.08779778461039738
brd-k52037352			0.42373511904761907	0.6559225512528474	-0.08924104069041153
px-12			0.4236904761904762	0.6559225512528474	-0.0892875260552615
cyclopamine			0.42345238095238097	0.6559225512528474	-0.08944079460207575
hc-067047			0.42294642857142856	0.6559225512528474	-0.08985329551254333
brd-k16147474			0.4217410714285714	0.6559225512528474	-0.09074455729793919
rigosertib			0.4185714285714286	0.6559225512528474	-0.09267015173775568
simvastatin			0.41785714285714287	0.6559225512528474	-0.09309500708714774
cmk			0.41595238095238096	0.6559225512528474	-0.09416848755684931
xmd14-99			0.4143452380952381	0.6559225512528474	-0.09502015346231484
brd-k49290616			0.4129315476190476	0.6559225512528474	-0.0958202406080197
tw 37			0.4124107142857143	0.6559225512528474	-0.09611021299597958
zebularine			0.4084077380952381	0.6550119331742243	-0.0980079079737712
palmostatin b			0.40839285714285717	0.6550119331742243	-0.09801447787357918
trametinib			0.40767857142857145	0.6550119331742243	-0.09837306790396384
cp466722			0.4066666666666667	0.6550119331742243	-0.09894145570882544
y-39983			0.4018452380952381	0.6506987951807228	-0.10172909090957483
nsc30930			0.4010863095238095	0.6506987951807228	-0.10221873339902231
linifanib			0.4005059523809524	0.6506987951807228	-0.10252415166155214
sirolimus			0.39648809523809525	0.6466990291262136	-0.10572690495088309
mk-0752			0.3941517857142857	0.6444525547445255	-0.10757309025899658
bendamustine			0.3930505952380952	0.6442195121951219	-0.10836623752232791
sn-38			0.39092261904761905	0.6422982885085575	-0.1099827206084789
tandutinib			0.38748511904761906	0.6382107843137256	-0.11272093374417817
brd9647			0.386875	0.6382107843137256	-0.11334660356058557
17-aag			0.38413690476190476	0.6358128078817734	-0.11526063067908164
brd-k50799972			0.3833035714285714	0.6358128078817734	-0.11594287283335426
azd1480			0.3825595238095238	0.6358128078817734	-0.1165561034597813
fqi-2			0.3779910714285714	0.6302977667493797	-0.11989885062467238
refametinib			0.3774255952380952	0.6302977667493797	-0.1202854404994796
kpt185			0.3773809523809524	0.6302977667493797	-0.12031928436259177
rg-108			0.37720238095238096	0.6302977667493797	-0.12054070904417935
lenalidomide			0.3755952380952381	0.6302977667493797	-0.12172737414588883
npk76-ii-72-1			0.37467261904761906	0.6302977667493797	-0.12227231860544913
khs101			0.3736011904761905	0.6302977667493797	-0.12292119160486703
serdemetan			0.37308035714285714	0.6302977667493797	-0.12324061924690671
ng-25			0.37230654761904763	0.6302977667493797	-0.12367674218456144
omacetaxine mepesuccinate			0.3715178571428571	0.6302977667493797	-0.12425341582261629
methylstat			0.3713690476190476	0.6302977667493797	-0.12433605871401926
ym-155			0.3710565476190476	0.6302977667493797	-0.12449812344259896
sitagliptin			0.37080357142857145	0.6302977667493797	-0.12467717267946815
brd-k02492147			0.3696577380952381	0.6302977667493797	-0.1252760791918478
brd-k09344309			0.36882440476190476	0.6302977667493797	-0.12569372520774075
panobinostat			0.368125	0.6302977667493797	-0.12604090870956547
mitomycin			0.36776785714285715	0.6302977667493797	-0.12625480121017812
sr8278			0.36754464285714283	0.6302977667493797	-0.12641804441208135
selumetinib			0.3668005952380952	0.6302977667493797	-0.12682058619097739
vnlg/124			0.36678571428571427	0.6302977667493797	-0.1268399762641172
pd318088			0.36678571428571427	0.6302977667493797	-0.1268443674447848
nvp-bsk805			0.3653720238095238	0.6302977667493797	-0.12756363748935362
brd-k24690302			0.3653422619047619	0.6302977667493797	-0.12760484847079895
phenformin			0.3648660714285714	0.6302977667493797	-0.1279225317369323
brd1812			0.36438988095238095	0.6302977667493797	-0.12810968861279562
bleomycin (50 um)			0.3637797619047619	0.6302977667493797	-0.1283423936731066
omipalisib			0.36364583333333333	0.6302977667493797	-0.1283662835052745
bafilomycin a1			0.3598065476190476	0.6302977667493797	-0.12954144035961743
ly-2183240			0.35946428571428574	0.6302977667493797	-0.1296353451203584
col-3			0.35415178571428574	0.6302977667493797	-0.13098080414129892
pik-93			0.3526934523809524	0.6302977667493797	-0.13142747203784055
ro4929097			0.35217261904761904	0.6302977667493797	-0.13154682642129756
etoposide			0.3516369047619048	0.6302977667493797	-0.13165684910212894
brd-k55116708			0.3507886904761905	0.6302977667493797	-0.1318743739983231
(5z)-7-oxozeaenol			0.35063988095238097	0.6302977667493797	-0.13193254928597947
brd-k48477130			0.3500446428571429	0.6302977667493797	-0.13211273838740287
brefeldin a			0.3490922619047619	0.6302977667493797	-0.13241336566970155
cytarabine			0.3457589285714286	0.6302977667493797	-0.1331155271237862
akt inhibitor viii			0.3452232142857143	0.6302977667493797	-0.13325497064835776
brd9876			0.34510416666666666	0.6302977667493797	-0.1333129377882734
dacinostat			0.34013392857142855	0.6296694214876033	-0.13472289319503042
lestauritinib			0.3354017857142857	0.6226243093922652	-0.13594840767120864
brd-k97651142			0.33444940476190477	0.6225761772853186	-0.13619556314646034
brd-k96970199			0.3341220238095238	0.6225761772853186	-0.13628812978422825
betulinic acid			0.3336904761904762	0.6225761772853186	-0.1364261573712908
ibrutinib			0.33299107142857143	0.6225761772853186	-0.13657662043665295
sb-225002			0.3329464285714286	0.6225761772853186	-0.13658250914640171
brd-k63431240			0.3326636904761905	0.6225761772853186	-0.1367121286687426
gw-843682x			0.3319047619047619	0.6225761772853186	-0.13694207083788223
camptothecin			0.33157738095238093	0.6225761772853186	-0.13706227245926983
jnk inhibitor viii			0.3303125	0.6225761772853186	-0.1374977610658446
tg-100-115			0.3271279761904762	0.6225761772853186	-0.1383615187439984
gefitinib			0.3268154761904762	0.6225761772853186	-0.13847130466714702
c6-ceramide			0.3267113095238095	0.6225761772853186	-0.1385101698854648
sj-172550			0.3257440476190476	0.6225761772853186	-0.13882824997535984
5-fluorouracil			0.3246875	0.6225761772853186	-0.13919051544206903
am-580			0.32441964285714286	0.6225761772853186	-0.13925952518122925
brd-a05715709			0.3235863095238095	0.6225761772853186	-0.13949410622139818
temozolomide			0.3230654761904762	0.6225761772853186	-0.13965151099677425
dexamethasone			0.32254464285714285	0.6225761772853186	-0.13984784081997234
mst-312			0.3207291666666667	0.6225761772853186	-0.14044473320433706
bms-270394			0.3167857142857143	0.6224561403508773	-0.14167571512914115
prima-1			0.3144642857142857	0.6197067448680352	-0.14243418471224076
idelalisib			0.3132142857142857	0.6190588235294118	-0.1428981326277711
whi-p97			0.3125595238095238	0.6190588235294118	-0.14311327675767627
ql-xi-92			0.31220238095238095	0.6190588235294118	-0.1432139360532071
ml031			0.3114732142857143	0.6190588235294118	-0.14346459949028473
ex-527			0.3104017857142857	0.6190588235294118	-0.14376537341403955
brd-k04800985			0.30857142857142855	0.6189850746268656	-0.1443588575028558
cil55a			0.3071875	0.6180538922155688	-0.14478461694014186
pf2341066			0.3061904761904762	0.6178978978978978	-0.14512071356723708
brd-k90370028			0.30601190476190476	0.6178978978978978	-0.1451784624758233
spautin-1			0.3039136904761905	0.6170090634441088	-0.14586456420936414
stf-31			0.30354166666666665	0.6170090634441088	-0.14598113829408224
thalidomide			0.3029017857142857	0.6170090634441088	-0.1462327200949846
fluvastatin			0.3023363095238095	0.6170090634441088	-0.1464398245653457
veliparib			0.30150297619047617	0.6170090634441088	-0.14667918827496518
brd-k64610608			0.30049107142857145	0.6170090634441088	-0.14699609496852936
ml162			0.29415178571428574	0.6082153846153847	-0.1489653796701321
tacedinaline			0.2933482142857143	0.6082153846153847	-0.14934614000255
gw843682x			0.2922767857142857	0.6080804953560371	-0.14976460261829413
mk-1775			0.2916666666666667	0.6080804953560371	-0.1500419906271054
nvp-bhg712			0.29111607142857143	0.6080804953560371	-0.15019643602454047
ku-60019			0.29098214285714286	0.6080804953560371	-0.15025767659126799
a-804598			0.28910714285714284	0.6080804953560371	-0.1509936287192128
erlotinib			0.28848214285714285	0.6080804953560371	-0.1512112328586907
topotecan			0.2872172619047619	0.6080804953560371	-0.15171805487947193
nvp-bez235			0.28616071428571427	0.6080804953560371	-0.152239681655073
cudc-101			0.28580357142857143	0.6080804953560371	-0.15235718137023865
sorafenib			0.28513392857142855	0.6080804953560371	-0.15264465305021546
ceranib-2			0.28471726190476193	0.6080804953560371	-0.15281441318299582
sch-79797			0.28375	0.6080804953560371	-0.1533070487066071
elocalcitol			0.2827827380952381	0.6080804953560371	-0.15374895243262687
irinotecan			0.2809077380952381	0.6080804953560371	-0.15463231491118593
brd-k26531177			0.2808333333333333	0.6080804953560371	-0.15469269258192742
brd-k70511574			0.2791666666666667	0.6080804953560371	-0.15550681672618344
unc0321			0.2782886904761905	0.6080804953560371	-0.1559825123992607
sb590885			0.27394345238095236	0.6016013071895424	-0.15805203223416384
ku 0060648			0.27285714285714285	0.6011803278688524	-0.15854756495319325
brd-k80183349			0.2716517857142857	0.6004934210526316	-0.15909379386274114
xmd11-85h			0.2702380952380952	0.5993399339933992	-0.15980760583121284
fgin-1-27			0.2697172619047619	0.5993399339933992	-0.1600975112081752
s-trityl-l-cysteine			0.2679761904761905	0.5982724252491695	-0.1610348108894986
bms-754807			0.26654761904761903	0.5970666666666666	-0.16203833862156428
temsirolimus			0.2656994047619048	0.5970666666666666	-0.16255107059344343
etp-46464			0.26517857142857143	0.5970666666666666	-0.16297301899474448
isonicotinohydroxamic acid			0.2638690476190476	0.597037037037037	-0.1637467177768181
fh535			0.2633482142857143	0.597037037037037	-0.16405966163600796
vincristine			0.26311011904761905	0.597037037037037	-0.16415206018883538
jw-74			0.2628125	0.597037037037037	-0.1643228171341496
brd-k75293299			0.26055059523809526	0.597037037037037	-0.16554879697531372
brd-k78574327			0.26053571428571426	0.597037037037037	-0.16557243572879418
midostaurin			0.2604910714285714	0.597037037037037	-0.16558820872019345
hli 373			0.2604910714285714	0.597037037037037	-0.16559003367566427
nsc632839			0.2598214285714286	0.597037037037037	-0.16593955381244996
kw-2449			0.25967261904761907	0.597037037037037	-0.16603158339795673
wz-1-84			0.25888392857142856	0.597037037037037	-0.16646330208452212
brd-a71883111			0.2585863095238095	0.597037037037037	-0.16668604609830875
cetuximab			0.2578422619047619	0.597037037037037	-0.1670854073217261
vx-11e			0.2564136904761905	0.597037037037037	-0.1678891018710211
pelitinib			0.256264880952381	0.597037037037037	-0.16799403328351653
epigallocatechin-3-monogallate			0.2554910714285714	0.597037037037037	-0.16842639544612845
foretinib			0.2547767857142857	0.597037037037037	-0.16891668079300315
as605240			0.25205357142857143	0.597037037037037	-0.17050991862328815
chm-1			0.2515625	0.597037037037037	-0.17076180965604557
mgcd-265			0.2513690476190476	0.597037037037037	-0.17090282152784583
cay10618			0.2506696428571429	0.597037037037037	-0.17135880492866906
bms-509744			0.24760416666666665	0.597037037037037	-0.17300955463242457
lapatinib			0.2450595238095238	0.597037037037037	-0.1745581968228048
vismodegib			0.24461309523809524	0.597037037037037	-0.1748599119948079
3-cl-ahpc			0.241875	0.5953846153846154	-0.17638421702283621
purmorphamine			0.23991071428571428	0.592720588235294	-0.17735516031563936
pifithrin-alpha			0.2375	0.5889298892988929	-0.17878914451746092
palbociclib			0.23595238095238094	0.5872592592592593	-0.17971294084403178
brd-k30019337			0.23447916666666666	0.5857620817843866	-0.18049504028569588
prima-1-met			0.23404761904761906	0.5857620817843866	-0.18065347242694843
sb216763			0.23308035714285713	0.5857620817843866	-0.1812006049770034
silmitasertib			0.23306547619047618	0.5857620817843866	-0.1812033044539865
b02			0.2309375	0.585622641509434	-0.18228307691455545
azd7762			0.22976190476190475	0.5848484848484848	-0.18292241413410484
jw-55			0.229375	0.5848484848484848	-0.1831346948603265
rapamycin			0.22873511904761903	0.5848484848484848	-0.1834245955983206
doxorubicin			0.2280952380952381	0.5848484848484848	-0.18376705774775975
nvp-231			0.22608630952380954	0.5843461538461538	-0.18481823837471278
methotrexate			0.22486607142857143	0.5834362934362934	-0.18538767571288303
bix02189			0.2234970238095238	0.5821317829457364	-0.18614688114337433
cil56			0.22311011904761904	0.5821317829457364	-0.18635293112558235
brd-k41597374			0.22267857142857142	0.5821317829457364	-0.18657153027928208
ql-viii-58			0.22260416666666666	0.5821317829457364	-0.18660763730120872
cediranib			0.22081845238095238	0.5821317829457364	-0.1875966269016247
ci-1040			0.21977678571428572	0.5821317829457364	-0.18818167740509406
mdivi-1			0.21925595238095238	0.5821317829457364	-0.1885126149962791
brd-k41334119			0.21918154761904762	0.5821317829457364	-0.18857096830571324
brd-k14844214			0.21720238095238095	0.5821317829457364	-0.18970215841165258
jq12			0.21569940476190477	0.5821285140562249	-0.19048991506036636
chlorambucil			0.2127529761904762	0.576491935483871	-0.1921102352213715
wh-4-023			0.21242559523809523	0.576491935483871	-0.1923694002786144
bay-61-3606			0.21135416666666668	0.576491935483871	-0.19296917049914772
compound 7d-cis			0.2109375	0.576491935483871	-0.19318963166463163
nelarabine			0.21044642857142856	0.576491935483871	-0.1934521953197425
ml050			0.2080357142857143	0.5753086419753087	-0.19498472683771526
brd-k34222889			0.20705357142857142	0.5749586776859504	-0.19546213879126562
semagacestat			0.2068154761904762	0.5749586776859504	-0.19564130801427962
srt-1720			0.20580357142857142	0.5749586776859504	-0.19618790516775766
pf-3758309			0.20578869047619047	0.5749586776859504	-0.19619742159542322
brd-k34099515			0.20447916666666666	0.5749586776859504	-0.19696589803182102
teniposide			0.20398809523809525	0.5749586776859504	-0.19720609198195796
xmd8-85			0.20354166666666668	0.5749586776859504	-0.19743824474327215
pd0325901			0.203125	0.5749586776859504	-0.19771698080679873
brd-k37390332			0.20311011904761905	0.5749586776859504	-0.19774189808449158
epothilone b			0.20294642857142858	0.5749586776859504	-0.1978216782032662
lfm-a13			0.20242559523809525	0.5749586776859504	-0.19816183184533312
nsc 74859			0.2017857142857143	0.5749586776859504	-0.19853189949958402
cytochalasin b			0.20154761904761906	0.5749586776859504	-0.19868406787755097
obatoclax mesylate			0.1999702380952381	0.5749586776859504	-0.19957819644000616
gsk1904529a			0.19950892857142857	0.5749586776859504	-0.19981926836785793
saracatinib			0.1984672619047619	0.5749586776859504	-0.20035318240322034
dmog			0.1964732142857143	0.5749586776859504	-0.20140108539699209
docetaxel			0.19644345238095237	0.5749586776859504	-0.20141633021030197
narciclasine			0.19541666666666666	0.5749586776859504	-0.2020427125303982
ifosfamide			0.19541666666666666	0.5749586776859504	-0.202050140471924
barasertib			0.19447916666666668	0.5749586776859504	-0.20249929585575263
ki8751			0.1934672619047619	0.5749586776859504	-0.20303502345642815
tacrolimus			0.19236607142857143	0.5749586776859504	-0.20356317256466816
pac-1			0.19058035714285715	0.5749586776859504	-0.20429820969467904
enzastaurin			0.1877827380952381	0.5749586776859504	-0.2053099529193606
az-3146			0.1871875	0.5749586776859504	-0.20556725933141018
brd-k35604418			0.18700892857142856	0.5749586776859504	-0.2056744332072733
apicidin			0.1866220238095238	0.5749586776859504	-0.20586457693547114
yk 4-279			0.1864434523809524	0.5749586776859504	-0.20590435557621972
brd-k71935468			0.18504464285714287	0.5749586776859504	-0.20646656681459521
stf-62247			0.18479166666666666	0.5749586776859504	-0.20662128633118337
sb-431542			0.18397321428571428	0.5749586776859504	-0.20696580874506876
fumonisin b1			0.18375	0.5749586776859504	-0.2070963872349997
xmd15-27			0.18349702380952382	0.5749586776859504	-0.20725360606905385
wz8040			0.1834672619047619	0.5749586776859504	-0.20728766897479606
brd-a02303741			0.1824702380952381	0.5749586776859504	-0.20780025109884684
pyrimethamine			0.18069940476190477	0.5749586776859504	-0.20857968827012502
nakiterpiosin			0.17958333333333334	0.5749586776859504	-0.2090796295946951
jw-7-24-1			0.17882440476190475	0.5749586776859504	-0.20945076398837298
at7867			0.17854166666666665	0.5749586776859504	-0.20955943219438267
neopeltolide			0.17614583333333333	0.5749586776859504	-0.2107707149548382
valdecoxib			0.17596726190476192	0.5749586776859504	-0.21088412325062128
681640			0.17450892857142858	0.5749586776859504	-0.21161921289549937
shikonin			0.17450892857142858	0.5749586776859504	-0.2116218192161469
jq1			0.1741815476190476	0.5749586776859504	-0.21187301714184884
jq-1			0.1730952380952381	0.5749586776859504	-0.21248179988009108
alisertib			0.1718452380952381	0.5749586776859504	-0.21316457249927065
rtrail			0.17041666666666666	0.5749586776859504	-0.21414316204205355
iu1			0.1703125	0.5749586776859504	-0.2141790560469687
vinblastine			0.16796130952380953	0.5749586776859504	-0.21569114881100274
neratinib			0.16791666666666666	0.5749586776859504	-0.21573628949291052
sildenafil			0.16720238095238096	0.5749586776859504	-0.2161747958116989
salubrinal			0.16705357142857144	0.5749586776859504	-0.21628492261866947
gsk1059615			0.16549107142857142	0.5749586776859504	-0.2172802823158491
brd-k13999467			0.16427083333333334	0.5749586776859504	-0.2183227046001036
vorapaxar			0.16263392857142858	0.5749586776859504	-0.21960279004240996
mk-2206			0.16196428571428573	0.5749586776859504	-0.22011291925842194
pyr-41			0.16186011904761904	0.5749586776859504	-0.22016675612556544
necrostatin-1			0.16172619047619047	0.5749586776859504	-0.22028104634532883
le-135			0.16141369047619047	0.5749586776859504	-0.2204543730241636
curcumin			0.1612797619047619	0.5749586776859504	-0.22059563986322803
ar-42			0.16086309523809525	0.5749586776859504	-0.22089419304283492
gsk-3 inhibitor ix			0.16084821428571427	0.5749586776859504	-0.22090785587280035
ml203			0.16061011904761904	0.5749586776859504	-0.22109344224319946
brd1835			0.15959821428571427	0.5749586776859504	-0.2217991876925015
gsk650394			0.15770833333333334	0.5749586776859504	-0.22315686348560695
dactolisib			0.15642857142857142	0.5749586776859504	-0.22417915261381213
pictilisib			0.15630952380952381	0.5749586776859504	-0.2242457878827602
lrrk2-in-1			0.1562797619047619	0.5749586776859504	-0.22428200877816476
ml210			0.1562202380952381	0.5749586776859504	-0.2243094867469452
cgp-60474			0.15516369047619047	0.5749586776859504	-0.22536199207558852
indisulam			0.1540922619047619	0.5749586776859504	-0.22608038627442256
isoliquiritigenin			0.15379464285714287	0.5749586776859504	-0.22618492756104142
isoevodiamine			0.1537202380952381	0.5749586776859504	-0.22624380231610336
pdmp			0.15233630952380953	0.5749586776859504	-0.22715456097011372
brivanib			0.15217261904761906	0.5749586776859504	-0.22726532457273155
cimetidine			0.15211309523809524	0.5749586776859504	-0.22730936234892554
kx2-391			0.15188988095238096	0.5749586776859504	-0.22743223592380973
zstk474			0.1512202380952381	0.5749586776859504	-0.22788737135739764
ouabain			0.15066964285714285	0.5749586776859504	-0.22831804171707112
raf265			0.1504613095238095	0.5749586776859504	-0.22847460878092232
vinorelbine			0.15040178571428572	0.5749586776859504	-0.2285264652345646
i-bet-762			0.14964285714285713	0.5749586776859504	-0.22900919978434167
tpca-1			0.14819940476190477	0.5749586776859504	-0.22976814566556744
bleomycin			0.14779761904761904	0.5749586776859504	-0.23004400087397386
luminespib			0.1455357142857143	0.5749586776859504	-0.23148162060820934
agk-2			0.14492559523809523	0.5749586776859504	-0.23181244540979895
tivantinib			0.14461309523809524	0.5749586776859504	-0.2320208894167715
ruxolitinib			0.14342261904761905	0.5749586776859504	-0.2326470036385982
nu7441			0.14302083333333335	0.5749586776859504	-0.2328759535832414
eht-1864			0.14294642857142856	0.5749586776859504	-0.2329411517952572
fedratinib			0.14138392857142856	0.5749586776859504	-0.2338614843060628
lenvatinib			0.14133928571428572	0.5749586776859504	-0.23387530247733035
gsk461364			0.14016369047619048	0.5749586776859504	-0.2345720282542857
hg6-64-1			0.14001488095238096	0.5749586776859504	-0.23463526911090554
tl-1-85			0.13854166666666667	0.5749586776859504	-0.23550509334511055
leptomycin b			0.1382142857142857	0.5749586776859504	-0.2356851753629282
cil41			0.13674107142857142	0.5749586776859504	-0.2367244430459412
nvp-tae684			0.13580357142857144	0.5749586776859504	-0.23726065122378007
triazolothiadiazine			0.13578869047619047	0.5749586776859504	-0.23728035808222595
ski-ii			0.13517857142857143	0.5749586776859504	-0.23781472302727846
abiraterone			0.13513392857142856	0.5749586776859504	-0.237827087269254
selisistat			0.13436011904761905	0.5749586776859504	-0.23818712630213745
nvp-adw742			0.13416666666666666	0.5749586776859504	-0.23839370913774316
brd-k29086754			0.1331845238095238	0.5749586776859504	-0.23902450370048478
pf-573228			0.13313988095238094	0.5749586776859504	-0.23903535428215825
bleomycin a2			0.13299107142857142	0.5749586776859504	-0.23910086336514605
canertinib			0.13142857142857142	0.5749586776859504	-0.24009086504523283
tipifarnib-p1			0.1288392857142857	0.5749586776859504	-0.2414541607055003
tw-37			0.12793154761904763	0.5749586776859504	-0.24197284758254137
nsc48300			0.12580357142857143	0.5749586776859504	-0.2430927641766664
thz-2-49			0.12522321428571428	0.5749586776859504	-0.24347018154240496
pd173074			0.12294642857142857	0.5749586776859504	-0.2448561845032161
a-443654			0.12171130952380953	0.5749586776859504	-0.24553409350119784
istradefylline			0.1180952380952381	0.5749586776859504	-0.24764912134705414
r428			0.11764880952380953	0.5749586776859504	-0.24786034079293082
yk-4-279			0.11741071428571428	0.5749586776859504	-0.24797249532547452
sgc0946			0.11616071428571428	0.5749586776859504	-0.24864820859068426
parbendazole			0.11267857142857143	0.5749586776859504	-0.25072149493641627
z-llnle-cho			0.11133928571428571	0.5749586776859504	-0.2515378343485936
azd4547			0.11104166666666666	0.5749586776859504	-0.2517144910410023
avicin d			0.11008928571428571	0.5749586776859504	-0.2522189089537902
aa-cocf3			0.1084375	0.5749586776859504	-0.2531982372601445
xmd8-92			0.10684523809523809	0.5749586776859504	-0.25431731014160286
brd8899			0.10604166666666667	0.5749586776859504	-0.2548345712317944
sl0101			0.10519345238095239	0.5749586776859504	-0.2555635731344181
bibr-1532			0.10492559523809523	0.5749586776859504	-0.2557546000902314
clofarabine			0.10471726190476191	0.5749586776859504	-0.25589416154519073
at13387			0.10296130952380952	0.5749586776859504	-0.25720196255355376
bms-536924			0.10270833333333333	0.5749586776859504	-0.2574254927946358
azd6482			0.1018452380952381	0.5749586776859504	-0.2580587298881001
t0901317			0.10132440476190477	0.5749586776859504	-0.25849361872141047
tanespimycin			0.10130952380952381	0.5749586776859504	-0.2585273910444542
cil70			0.10056547619047619	0.5749586776859504	-0.2588795324791023
brd-k09587429			0.10053571428571428	0.5749586776859504	-0.25889191656111743
qs11			0.09827380952380953	0.5749586776859504	-0.26065978212489604
ko-143			0.09690476190476191	0.5749586776859504	-0.26174429928993154
gw441756			0.09479166666666666	0.5749586776859504	-0.2636506809096196
jw-7-52-1			0.0940922619047619	0.5749586776859504	-0.2643124829429774
cal-101			0.09395833333333334	0.5749586776859504	-0.26446758485943667
prl-3 inhibitor i			0.09325892857142858	0.5749586776859504	-0.2650251649678067
tamoxifen			0.09251488095238095	0.5749586776859504	-0.26566696460991146
thz-2-102-1			0.09183035714285714	0.5749586776859504	-0.266395976636829
ro-3306			0.09175595238095238	0.5749586776859504	-0.26648368182230125
isox			0.09160714285714286	0.5749586776859504	-0.26662435481058633
pf-4708671			0.08985119047619047	0.5749586776859504	-0.2686759161794809
a-770041			0.08970238095238095	0.5749586776859504	-0.26877824116165927
su11274			0.08915178571428571	0.5749586776859504	-0.2692360359830751
pha-793887			0.0884375	0.5749586776859504	-0.26993743255290076
tak-715			0.0881547619047619	0.5749586776859504	-0.27010935583462387
manumycin a			0.08745535714285714	0.5749586776859504	-0.27087205766125133
necrostatin-7			0.08745535714285714	0.5749586776859504	-0.2708774379180076
cct-018159			0.0862202380952381	0.5749586776859504	-0.27210399741139396
az628			0.0809672619047619	0.5749586776859504	-0.2769565921613378
azd8055			0.07888392857142858	0.5749586776859504	-0.27861437058831506
cd-437			0.07849702380952381	0.5749586776859504	-0.27879065586401214
kin001-266			0.07736607142857142	0.5749586776859504	-0.27957071197939376
tki258			0.07669642857142857	0.5749586776859504	-0.28007867399373504
pf-184			0.07614583333333333	0.5749586776859504	-0.2805629846000802
ml311			0.07398809523809524	0.5749586776859504	-0.28251396307582255
tae684			0.07352678571428571	0.5749586776859504	-0.2828445028255712
ponatinib			0.07346726190476191	0.5749586776859504	-0.2828915829163859
chir-99021			0.07263392857142857	0.5749586776859504	-0.2833713352872769
pd 153035			0.07242559523809523	0.5749586776859504	-0.2834981276215468
aica ribonucleotide			0.07194940476190476	0.5749586776859504	-0.2838542461463214
thapsigargin			0.0712797619047619	0.5749586776859504	-0.28438528242262334
mi-1			0.06959821428571429	0.5749586776859504	-0.2860366807284265
nsc95397			0.06796130952380952	0.5749586776859504	-0.28766922835368247
brd-k66453893			0.06779761904761905	0.5749586776859504	-0.2878962181155126
npc-26			0.06638392857142857	0.5749586776859504	-0.28951174855620176
pf-562271			0.06363095238095239	0.5749586776859504	-0.2930182208596525
azd7545			0.0634077380952381	0.5749586776859504	-0.2933947665967495
cabozantinib			0.062068452380952384	0.5749586776859504	-0.2948945285899885
ml320			0.060967261904761906	0.5749586776859504	-0.2968340814779723
cct007093			0.0609077380952381	0.5749586776859504	-0.2969228080372533
pitstop2			0.06043154761904762	0.5749586776859504	-0.2980754509038748
pevonedistat			0.06011904761904762	0.5749586776859504	-0.29855509467912944
sunitinib			0.058779761904761904	0.5749586776859504	-0.30081117706293525
jnk-9l			0.057023809523809525	0.5749586776859504	-0.3047657098903703
bi-2536			0.056875	0.5749586776859504	-0.30514974420909435
gemcitabine			0.05654761904761905	0.5749586776859504	-0.3057228899170937
dacarbazine			0.056532738095238094	0.5749586776859504	-0.30584147365141173
cgp-082996			0.05607142857142857	0.5749586776859504	-0.30699466736116754
fti-277			0.05547619047619048	0.5749586776859504	-0.3081079318005117
nutlin-3a (-)			0.05523809523809524	0.5749586776859504	-0.30869769830075033
cytarabine hydrochloride			0.05505952380952381	0.5749586776859504	-0.30925474636583794
osu-03012			0.053392857142857145	0.5749586776859504	-0.3128238253322482
afatinib			0.05313988095238095	0.5749586776859504	-0.31341476206515884
ku-0063794			0.05275297619047619	0.5749586776859504	-0.3141620173038156
bosutinib			0.051354166666666666	0.5749586776859504	-0.31619533595773175
tamatinib			0.04825892857142857	0.5749586776859504	-0.323644201249256
tipifarnib			0.04819940476190476	0.5749586776859504	-0.32393019921865035
pyrazolanthrone			0.04568452380952381	0.5749586776859504	-0.32895489885127527
l-685458			0.04370535714285714	0.5749586776859504	-0.3324039316416257
triptolide			0.043645833333333335	0.5749586776859504	-0.3324522417338447
erastin			0.042470238095238096	0.5749586776859504	-0.33381810282006497
kin001-270			0.04241071428571429	0.5749586776859504	-0.3339133159189914
phloretin			0.042291666666666665	0.5749586776859504	-0.33407598071093425
brd-k51490254			0.04058035714285714	0.5749586776859504	-0.3375069501656655
doramapimod			0.04043154761904762	0.5749586776859504	-0.3379196843475832
embelin			0.03961309523809524	0.5749586776859504	-0.3409044042644325
smer-3			0.03931547619047619	0.5749586776859504	-0.34181836088910467
paclitaxel			0.0384375	0.5749586776859504	-0.3445486402794326
fr-180204			0.03824404761904762	0.5749586776859504	-0.3451015249846213
bms-195614			0.03608630952380952	0.5749586776859504	-0.35159242272816554
sepantronium bromide			0.03598214285714286	0.5749586776859504	-0.35214157895702036
tg-101348			0.03505952380952381	0.5749586776859504	-0.3544446211238167
at-7519			0.03477678571428571	0.5749586776859504	-0.3551203092063127
nintedanib			0.03473214285714286	0.5749586776859504	-0.3552823894202062
ac55649			0.03453869047619047	0.5749586776859504	-0.3561081437924182
as601245			0.03441964285714286	0.5749586776859504	-0.35676175473088095
avagacestat			0.034136904761904764	0.5749586776859504	-0.3577808038499649
wiki4			0.032544642857142855	0.5749586776859504	-0.362627235739898
zibotentan			0.03206845238095238	0.5749586776859504	-0.3639275740358798
byl-719			0.03169642857142857	0.5749586776859504	-0.36472700413594994
gdc-0941			0.031607142857142854	0.5749586776859504	-0.3651778947840707
ispinesib mesylate			0.03139880952380952	0.5749586776859504	-0.36564458443229425
cisplatin			0.03049107142857143	0.5749586776859504	-0.367394063873782
axitinib			0.029732142857142856	0.5749586776859504	-0.36878437923539487
pfi-1			0.02875	0.5749586776859504	-0.3716112014234042
staurosporine			0.027217261904761904	0.5749586776859504	-0.37720627634862985
bryostatin 1			0.02544642857142857	0.5749586776859504	-0.38354642747761325
quizartinib			0.025297619047619048	0.5749586776859504	-0.38423644987334193
pazopanib			0.024717261904761905	0.5749586776859504	-0.3880342168709563
ku-55933			0.023586309523809523	0.5749586776859504	-0.3950951670187533
fluorouracil			0.023333333333333334	0.5749586776859504	-0.3960540404059425
ql-xii-61			0.023303571428571427	0.5749586776859504	-0.3961459557879861
xav939			0.02174107142857143	0.5749586776859504	-0.4056412574892535
ml258			0.01961309523809524	0.5749586776859504	-0.41187174278160876
gsk269962a			0.01925595238095238	0.5749586776859504	-0.4127277728228584
lovastatin			0.017395833333333333	0.5749586776859504	-0.4155902272633794
sr1001			0.009285714285714286	0.5672727272727273	-0.4286795199785856
snx-2112		0.036385276153240956	0.007961309523809523	0.535	-0.43966000061571164
hyperforin		0.08459550559613402	0.005803571428571429	0.43333333333333335	-0.47474798578372307
hg-5-88-01		0.10428037610763091	0.005267857142857143	0.43333333333333335	-0.47952699450087627
vandetanib		0.03964003937421954	0.0036904761904761906	0.3542857142857143	-0.4927027710718827
brd-k19103580		0.04456126308877592	0.0032886904761904763	0.3542857142857143	-0.49780120870177935
bicalutamide		0.03278547149624037	0.002976190476190476	0.3542857142857143	-0.5076840210993815
momelotinib		0.03996835908723344	0.0028125	0.3542857142857143	-0.5354002648924874
hg-5-113-01		0.1245921808366261	0.0018601190476190475	0.3542857142857143	-0.6348362416556658
zg-10		0.07317634746465695	0.0007142857142857143	0.24000000000000002	-0.6491326960605254
myriocin		0.05139331122756507	0.0005059523809523809	0.24000000000000002	-0.6730640127760865
