Name	Score(0.95 MoE)	0.95 MoE	p-value	FDR	Score
bosutinib		0.08564102709927239	0.00029270833333333335	0.1967	0.7002022268530326
betulinic acid		0.10528476024047767	0.0036861607142857143	0.83107125	0.5050933042974717
gefitinib		0.0929869083466315	0.006679910714285715	0.83107125	0.4927019066678806
chir-99021		0.05160572865469222	0.010901488095238096	0.83107125	0.45673034392549244
tgx221		0.03854577850976305	0.011780654761904761	0.83107125	0.4345672633467005
vandetanib		0.04586289315011277	0.012854315476190476	0.83107125	0.4231954296599058
erlotinib		0.03387345532852571	0.013856101190476191	0.83107125	0.41835892952662557
l-685458		0.09644515186656258	0.015610714285714285	0.83107125	0.40267825856407397
bleomycin		0.04940026762156686	0.017835863095238096	0.83107125	0.3904608917638439
pazopanib		0.07024134538307693	0.02053348214285714	0.83107125	0.38235348333492736
gemcitabine			0.021776339285714284	0.83107125	0.3750857241752421
triptolide			0.023369642857142856	0.83107125	0.36768219975173466
eht-1864			0.023922767857142858	0.83107125	0.3660698780677546
ml203			0.023923809523809524	0.83107125	0.36605869497027005
olaparib			0.027346726190476192	0.83107125	0.3575291426549453
pyrazolanthrone			0.03007514880952381	0.83107125	0.35307869032486144
brd-k16147474			0.03009300595238095	0.83107125	0.353043020113199
neratinib			0.030813988095238096	0.83107125	0.351540299208305
tanespimycin			0.03166354166666667	0.83107125	0.3497289489159236
sildenafil			0.03280029761904762	0.83107125	0.34660812551128717
bms-509744			0.0333	0.83107125	0.3452828387428876
jq-1			0.03453154761904762	0.83107125	0.3417797868126215
momelotinib			0.034548363095238094	0.83107125	0.3417145854539396
ml320			0.03509627976190476	0.83107125	0.34014815628838346
vinorelbine			0.036738541666666666	0.83107125	0.3365843778398188
qs11			0.03690669642857143	0.83107125	0.33624354861728745
nvp-tae684			0.04100104166666667	0.83107125	0.3303667611406153
embelin			0.042061458333333336	0.83107125	0.3285855426025028
jw-55			0.0427046130952381	0.83107125	0.32762565370705166
austocystin d			0.04642410714285714	0.83107125	0.3225200466190289
neopeltolide			0.046825	0.83107125	0.3220526604142505
fluorouracil			0.047455505952380954	0.83107125	0.3212793015413944
zibotentan			0.04981860119047619	0.83107125	0.31802404286176517
lapatinib			0.04999880952380952	0.83107125	0.31773768299086025
sb216763			0.05631845238095238	0.83107125	0.30884585265967046
teniposide			0.056405505952380953	0.83107125	0.30873390293423675
fh535			0.05714047619047619	0.83107125	0.3075293916236498
silmitasertib			0.05725997023809524	0.83107125	0.3073360425483943
doxorubicin			0.05799449404761905	0.83107125	0.3061151608522803
wz8040			0.05880431547619048	0.83107125	0.3051054936038216
thapsigargin			0.05951830357142857	0.83107125	0.3042615908477036
pyrimethamine			0.05999107142857143	0.83107125	0.30375286454659317
afatinib			0.060441220238095235	0.83107125	0.3033424243135192
as605240			0.06098705357142857	0.83107125	0.3027349357332883
brd-k52037352			0.061291369047619046	0.83107125	0.3023801262724876
(5z)-7-oxozeaenol			0.061426190476190475	0.83107125	0.3021737974155225
ml312			0.06171681547619048	0.83107125	0.301755457563904
brd-k13999467			0.06212321428571429	0.83107125	0.301088723558025
tipifarnib			0.06383467261904761	0.83107125	0.2986713290990742
gsk269962a			0.06541160714285714	0.83107125	0.2965809828588859
xmd11-85h			0.06635848214285714	0.83107125	0.2951503890759826
stemregenin 1			0.06674538690476191	0.83107125	0.29454613975378596
as601245			0.06676592261904762	0.83107125	0.2945200826233435
brd-k75293299			0.06832976190476191	0.83107125	0.29255052660661107
jnk-9l			0.06962306547619047	0.83107125	0.2913132218092211
wh-4-023			0.07031964285714286	0.83107125	0.2905936615251511
le-135			0.07543065476190476	0.83107125	0.2838331012680212
az628			0.07593050595238095	0.83107125	0.2833137301364324
pf-562271			0.07651279761904761	0.83107125	0.2825538579747484
gsk-3 inhibitor ix			0.07752142857142857	0.83107125	0.2812161605201642
ku-55933			0.08085193452380952	0.83107125	0.277021375820676
pf-4708671			0.08166026785714285	0.83107125	0.276132963662898
pyr-41			0.08196160714285715	0.83107125	0.27582625718477394
luminespib			0.08340327380952381	0.83107125	0.27425320694323035
midostaurin			0.08390193452380952	0.83107125	0.27374596022197795
968			0.08619375	0.83107125	0.27146911306240495
pd0325901			0.0867436011904762	0.83107125	0.2708915851380865
nsc-87877			0.08730803571428572	0.83107125	0.2703578765080788
darinaparsin			0.08806755952380953	0.83107125	0.26967944724935017
sl0101			0.08965505952380952	0.83107125	0.2683476062450329
nutlin-3a (-)			0.09094880952380953	0.83107125	0.2673244428076719
pfi-1			0.09116517857142857	0.83107125	0.2670992591947472
zd-6474			0.09229494047619048	0.83107125	0.2661218788144497
gw441756			0.09390104166666667	0.83107125	0.26470691591198614
bryostatin 1			0.09397648809523809	0.83107125	0.2646438922999113
nvp-231			0.09636741071428571	0.83107125	0.2625981404606503
bcl-lzh-4			0.0971608630952381	0.83107125	0.2618749317544884
selumetinib			0.0973563988095238	0.83107125	0.261671336096512
nu7441			0.09831666666666666	0.83107125	0.2609004939311345
repligen 136			0.09893705357142857	0.83107125	0.26037648140849184
fqi-1			0.10805625	0.8404805194805195	0.25494314596679046
brd-k44224150			0.10845877976190477	0.8404805194805195	0.25468598742883847
decitabine			0.11062083333333333	0.8404805194805195	0.2534334019035668
tamoxifen			0.11113020833333333	0.8404805194805195	0.25315537087551193
a-443654			0.11181592261904762	0.8404805194805195	0.25282224619615684
fsc231			0.1124422619047619	0.8404805194805195	0.2525307748167924
cisplatin			0.11251398809523809	0.8404805194805195	0.25249757429313796
cyclophosphamide			0.1134171130952381	0.8404805194805195	0.25217372085509904
gsk525762a			0.11546205357142857	0.8404805194805195	0.25142259751040347
brivanib			0.11623318452380953	0.8404805194805195	0.2512233324457914
qs-11			0.12166770833333333	0.8404805194805195	0.24936853152818342
chm-1			0.12482455357142858	0.8404805194805195	0.24749055621520036
ql-viii-58			0.12660252976190475	0.8404805194805195	0.24617215027936296
palbociclib			0.12665758928571427	0.8404805194805195	0.24614378322819244
xmd8-85			0.12693273809523808	0.8404805194805195	0.24594501867191734
bms-195614			0.1299529761904762	0.8404805194805195	0.24390008101434651
sgc0946			0.13041517857142856	0.8404805194805195	0.2435837457589851
fqi-2			0.13129702380952382	0.8404805194805195	0.2429465300552653
obatoclax			0.13163973214285715	0.8404805194805195	0.24272834145944686
brd-k30019337			0.13186488095238094	0.8404805194805195	0.24257509494296892
cyclopamine			0.13205208333333332	0.8404805194805195	0.24242945961973866
cytarabine hydrochloride			0.13254821428571428	0.8404805194805195	0.24208758251466111
pf-4800567 hydrochloride			0.13444419642857142	0.8404805194805195	0.24073377149412262
clofarabine			0.13449925595238096	0.8404805194805195	0.24070336872064793
fmk			0.13716815476190475	0.8404805194805195	0.23908657264073274
brd-k11533227			0.13847470238095239	0.8404805194805195	0.2381225914750011
hg6-64-1			0.13887321428571428	0.8404805194805195	0.2378477156448612
gsk650394			0.1397955357142857	0.8404805194805195	0.2372076675546425
gsk461364			0.1400013392857143	0.8404805194805195	0.2370832217426751
bicalutamide			0.14058883928571428	0.8404805194805195	0.23669340326604926
gsk1904529a			0.14282276785714285	0.8404805194805195	0.23512109943045809
dactolisib			0.1436313988095238	0.8404805194805195	0.23457963107116572
saracatinib			0.14459330357142858	0.8404805194805195	0.23400285846399993
compound 7d-cis			0.14628333333333332	0.8404805194805195	0.2330195133817372
elesclomol			0.1463858630952381	0.8404805194805195	0.23296055819596798
pd173074			0.14657083333333334	0.8404805194805195	0.2328552161560729
pifithrin-mu			0.1473110119047619	0.8404805194805195	0.23244683149695966
abt-199			0.1496450892857143	0.8404805194805195	0.231236434090997
brd-k99006945			0.15020133928571427	0.8404805194805195	0.23097025462810372
aa-cocf3			0.15343675595238096	0.8404805194805195	0.22963244447019215
unc0321			0.1537014880952381	0.8404805194805195	0.2295351750971346
sch-79797			0.15427485119047618	0.8404805194805195	0.2293412089968552
rucaparib			0.15778675595238095	0.8404805194805195	0.22802829981466394
ku-60019			0.15798839285714286	0.8404805194805195	0.227951019625341
cgp-082996			0.16071830357142858	0.8404805194805195	0.22693909302778495
trametinib			0.16166458333333333	0.8404805194805195	0.22650810441776353
neuronal differentiation inducer iii			0.16223511904761906	0.8404805194805195	0.2262051927199715
azd6482			0.16496830357142858	0.8404805194805195	0.22497391163271163
seliciclib			0.1675296130952381	0.8404805194805195	0.22388075833011253
hg-5-88-01			0.16843630952380953	0.8404805194805195	0.22348665662771428
o-6-benzylguanine			0.1692796130952381	0.8404805194805195	0.22316188852631116
compound 1b			0.1700233630952381	0.8404805194805195	0.2229020049248089
hbx-41108			0.17010848214285715	0.8404805194805195	0.22287633583598765
pha-665752			0.17075401785714286	0.8404805194805195	0.22262402041518078
brd-k51490254			0.17297946428571429	0.8404805194805195	0.22174893135201854
sch-529074			0.17388660714285714	0.8404805194805195	0.22135156016121002
ml258			0.17403095238095237	0.8404805194805195	0.2212884780579741
mk-1775			0.17591220238095237	0.8404805194805195	0.22049892693910939
brd-k85133207			0.17819494047619047	0.8404805194805195	0.21969143282448803
canertinib			0.18207782738095238	0.8404805194805195	0.21841676673213523
merck60			0.18225967261904763	0.8404805194805195	0.2183549148864199
brd4132			0.18331041666666667	0.8404805194805195	0.2179817064358188
pelitinib			0.18366949404761904	0.8404805194805195	0.2178630131315726
brd-k28456706			0.18511145833333334	0.8404805194805195	0.217307454358227
mi-2			0.18634181547619047	0.8404805194805195	0.21680357669062525
blebbistatin			0.18719241071428572	0.8404805194805195	0.21646293499681604
pevonedistat			0.18775625	0.8404805194805195	0.21623702925959937
brd-k04800985			0.18831354166666667	0.8404805194805195	0.21598209067369986
dacarbazine			0.1890389880952381	0.8404805194805195	0.21566361794784153
sb590885			0.1896220238095238	0.8404805194805195	0.21536192614370397
hli 373			0.19071324404761905	0.8404805194805195	0.21482218308024728
ml334 diastereomer			0.19113139880952382	0.8404805194805195	0.21463881266799423
erastin			0.19244255952380954	0.8404805194805195	0.2140843302709771
jw-7-52-1			0.19261011904761904	0.8404805194805195	0.21402232599852478
cct007093			0.19720535714285714	0.8489584337349397	0.2118543550703352
nintedanib			0.19771904761904763	0.8489584337349397	0.2115598067908516
tamatinib			0.1990220238095238	0.8489584337349397	0.21085924632182204
vnlg/124			0.20193482142857141	0.8489584337349397	0.20922001840700657
azd0530			0.20352663690476192	0.8489584337349397	0.2082467281359924
vorapaxar			0.2045877976190476	0.8489584337349397	0.20766861227176914
elcpk			0.2064690476190476	0.8489584337349397	0.20652466948006362
brd-k34099515			0.20776636904761905	0.8489584337349397	0.20573098736348844
tigecycline			0.20838035714285713	0.8489584337349397	0.2053446338063669
az-3146			0.20909360119047618	0.8489584337349397	0.20488839908263948
brd8899			0.2094386904761905	0.8489584337349397	0.20470798964762943
tipifarnib-p2			0.20971294642857144	0.8489584337349397	0.20452800224728873
lenalidomide			0.21136041666666666	0.849082738095238	0.2035339811234937
epothilone b			0.2122706845238095	0.849082738095238	0.20296327038577996
nsc95397			0.21764791666666666	0.8505538888888889	0.1995749784822725
mln2480			0.21814107142857142	0.8505538888888889	0.19921862228870718
rapamycin			0.21824761904761905	0.8505538888888889	0.19915025875837603
yk 4-279			0.218915625	0.8505538888888889	0.19871095338993264
avicin d			0.21998928571428572	0.8505538888888889	0.19803138022352237
a-770041			0.22122068452380952	0.8505538888888889	0.1972751657743739
tg-101348			0.22348005952380953	0.8505538888888889	0.19583048100720316
681640			0.22503214285714285	0.8505538888888889	0.19485392131943985
isoevodiamine			0.22566324404761906	0.8505538888888889	0.19448627704582128
tw-37			0.22625505952380953	0.8505538888888889	0.19414026319687622
parbendazole			0.22663660714285713	0.8505538888888889	0.19393263338056
brd-k02492147			0.22782693452380953	0.8505538888888889	0.19326564097341287
3-cl-ahpc			0.23051875	0.8522693989071038	0.19179811294525065
brd-k30748066			0.23161175595238095	0.8522693989071038	0.19124244838321738
compound 23 citrate			0.23209122023809522	0.8522693989071038	0.19098623794420044
pifithrin-alpha			0.23604494047619048	0.8590227027027026	0.18902072520439683
tak-715			0.23648690476190476	0.8590227027027026	0.18881649672858256
ly-2157299			0.241575	0.8684570796460176	0.18672881308154055
dexamethasone			0.24223809523809522	0.8684570796460176	0.18647261280640032
zg-10			0.2467858630952381	0.8684570796460176	0.18493371791436583
cr-1-31b			0.247140625	0.8684570796460176	0.18484039140714775
brd-k70511574			0.2473013392857143	0.8684570796460176	0.18479779874753108
gant-61			0.24831502976190475	0.8684570796460176	0.18448522772182124
agk-2			0.25268988095238093	0.8684570796460176	0.18329263970266496
cay10594			0.254534375	0.8684570796460176	0.18278971421043733
alvocidib			0.25805550595238097	0.8684570796460176	0.1818081983951266
brd-k27224038			0.25827008928571427	0.8684570796460176	0.18174409773491984
mgcd-265			0.2588729166666667	0.8684570796460176	0.18159999875748312
crizotinib			0.26148497023809525	0.8684570796460176	0.18089397404002708
ko-143			0.2628803571428571	0.8684570796460176	0.18045666114429054
bibr-1532			0.26314330357142857	0.8684570796460176	0.1803882073294015
avagacestat			0.2648074404761905	0.8684570796460176	0.17985644381243118
sunitinib			0.26497604166666666	0.8684570796460176	0.17981077548322932
ac55649			0.26609806547619047	0.8684570796460176	0.17949827606317523
lomeguatrib			0.26728184523809523	0.8684570796460176	0.17919459554171918
hg-5-113-01			0.2673028273809524	0.8684570796460176	0.17919002375792675
brd-k96431673			0.2674919642857143	0.8684570796460176	0.1791397833339379
su11274			0.2719577380952381	0.8684570796460176	0.17802976088947536
sr-ii-138a			0.272240625	0.8684570796460176	0.17795132051832152
pf-184			0.275197619047619	0.8684570796460176	0.17716517953773414
lbh-589			0.2753626488095238	0.8684570796460176	0.17712864215256835
phloretin			0.2757476190476191	0.8684570796460176	0.17703676756794148
ciclopirox			0.2777200892857143	0.8684570796460176	0.17654331021543854
brd-k61166597			0.2794345238095238	0.8684570796460176	0.17618128890037682
i-bet151			0.2794983630952381	0.8684570796460176	0.17616347021107642
pandacostat			0.27956026785714283	0.8684570796460176	0.1761510098298894
jq1			0.2798008928571429	0.8684570796460176	0.1760879631782458
brd1812			0.281375	0.8684570796460176	0.17555311111877256
brd-k14844214			0.2823791666666667	0.8684570796460176	0.17515673698280523
dabrafenib			0.28514047619047617	0.8684570796460176	0.174123742025373
brd-a94377914			0.28694732142857143	0.8684570796460176	0.1735358935343086
brd-k41597374			0.28860654761904764	0.8684570796460176	0.17290116072138925
brd-k80183349			0.2889997023809524	0.8684570796460176	0.17274927583170208
refametinib			0.29094181547619047	0.8684570796460176	0.1719273143342503
doramapimod			0.2912200892857143	0.8684570796460176	0.17182141317577385
dasatinib			0.2915026785714286	0.8684570796460176	0.17172349227274944
brd-k41334119			0.2917821428571429	0.8684570796460176	0.17159839188570047
mitomycin			0.2920703869047619	0.8684570796460176	0.17147436592511017
brd-k48477130			0.2956592261904762	0.8747124999999999	0.1698166105863575
sirolimus			0.297278869047619	0.8747124999999999	0.16900517885950206
17-aag			0.3002101190476191	0.8747124999999999	0.16742923959217804
brd-k01737880			0.30118005952380955	0.8747124999999999	0.16693101527673876
mln2238			0.3036398809523809	0.8747124999999999	0.16561238488785318
rg-108			0.3053869047619048	0.8747124999999999	0.16463081750777855
nsc30930			0.30574285714285715	0.8747124999999999	0.16442902979629453
compound 1541a			0.30970401785714285	0.8747124999999999	0.1620665015050666
brd-k27986637			0.31163377976190476	0.8747124999999999	0.16093638181217562
cd-437			0.3118504464285714	0.8747124999999999	0.16081121205418186
sb-225002			0.3120264880952381	0.8747124999999999	0.16072411726337682
triazolothiadiazine			0.31445922619047617	0.8747124999999999	0.15920254894420702
brd9876			0.3154127976190476	0.8747124999999999	0.15854773360346405
obatoclax mesylate			0.3165111607142857	0.8747124999999999	0.1578854670611004
kx2-391			0.3176075892857143	0.8747124999999999	0.15721741542595508
lestauritinib			0.31939940476190476	0.8747124999999999	0.15608511399434777
selisistat			0.3197285714285714	0.8747124999999999	0.15587243590804042
necrostatin-7			0.3201095238095238	0.8747124999999999	0.15564695228579004
lenvatinib			0.32011815476190475	0.8747124999999999	0.1556376083444954
salermide			0.3207157738095238	0.8747124999999999	0.1552975349434561
pd318088			0.3221686011904762	0.8747124999999999	0.15446609808317807
azd7545			0.32281056547619047	0.8747124999999999	0.15407331128762133
gw-843682x			0.32765133928571427	0.8771146825396826	0.1513716204685827
brd-k66453893			0.32799866071428574	0.8771146825396826	0.1511937443554279
ro-3306			0.32879806547619045	0.8771146825396826	0.1507910117389276
ci-976			0.32891800595238097	0.8771146825396826	0.1507415069184032
cetuximab			0.33193690476190474	0.8816664031620552	0.1490832998754241
cil56			0.3376922619047619	0.8924913725490197	0.14614576931060885
gw-2580			0.3386686011904762	0.8924913725490197	0.14561681264940432
pd 153035			0.3434032738095238	0.8994476744186046	0.1433222877373146
sb-525334			0.344913244047619	0.8994476744186046	0.1426336169349169
npc-26			0.3453236607142857	0.8994476744186046	0.14245256594708683
pf-573228			0.3514494047619048	0.9038775665399239	0.13958511436223328
nutlin-3			0.3515721726190476	0.9038775665399239	0.13952027915909881
necrostatin-1			0.35297321428571427	0.9038775665399239	0.13886173049851538
brd-k42260513			0.35309300595238097	0.9038775665399239	0.13881196381161612
mi-1			0.3537497023809524	0.9038775665399239	0.13852607550741827
sz4ta2			0.3572965773809524	0.9039375912408759	0.13701416034255628
itraconazole			0.36216026785714284	0.9039375912408759	0.13508242434281387
tki258			0.36322276785714286	0.9039375912408759	0.13463458327398384
wz-1-84			0.3638870535714286	0.9039375912408759	0.13437217092372605
fingolimod			0.3648872023809524	0.9039375912408759	0.13397550558759044
brd-k19103580			0.3656675595238095	0.9039375912408759	0.13366361992512704
cerulenin			0.3667717261904762	0.9039375912408759	0.13328302095363187
brd-k45681478			0.36741964285714285	0.9039375912408759	0.13302572600944088
vinblastine			0.36799419642857145	0.9039375912408759	0.1328142457482618
vincristine			0.3685502976190476	0.9039375912408759	0.13261050115011497
unc1215			0.36856979166666665	0.9039375912408759	0.13260176379817154
isox			0.3718497023809524	0.9086654545454546	0.13146917058701138
jw-480			0.37533377976190474	0.9138561594202899	0.13029883778806894
gsk319347a			0.37721458333333335	0.9142521582733814	0.1296885484694174
hc-067047			0.3782174107142857	0.9142521582733814	0.1293280864219599
apicidin			0.38202886904761907	0.9151360424028268	0.12806051957866438
16-beta-bromoandrosterone			0.3832816964285714	0.9151360424028268	0.12764976416175272
wp1130			0.38370223214285715	0.9151360424028268	0.12749899001615564
gossypol			0.38454226190476193	0.9151360424028268	0.12720763524606005
cabozantinib			0.3853921130952381	0.9151360424028268	0.12692480477229898
lfm-a13			0.3870144345238095	0.9157524647887324	0.12641719659234907
aew541			0.39391369047619046	0.918753220338983	0.12460172217250051
myricetin			0.39413526785714287	0.918753220338983	0.12454218032032194
ciclosporin			0.39510416666666665	0.918753220338983	0.1242753164550347
fti-277			0.39704955357142857	0.918753220338983	0.12377729176914351
ml083			0.39756979166666667	0.918753220338983	0.12364111744876587
cct-018159			0.39858883928571426	0.918753220338983	0.12340861961123183
tgx-221			0.3992455357142857	0.918753220338983	0.12327710553054089
sr1001			0.40060238095238093	0.918753220338983	0.12298925581247089
wz4002			0.4014122023809524	0.918753220338983	0.12282452018243353
cil55			0.4021004464285714	0.918753220338983	0.12269053775430101
talazoparib			0.4033217261904762	0.918753220338983	0.12243484443442217
pl-di			0.40748839285714283	0.9250813333333333	0.12165358610747125
gw-405833			0.4095921130952381	0.9250813333333333	0.12130758886062407
brd-k02251932			0.4118498511904762	0.9250813333333333	0.12086407349502909
skepinone-l			0.41275252976190474	0.9250813333333333	0.12071542781216292
brd-k86535717			0.4129827380952381	0.9250813333333333	0.12066372246614385
pf-750			0.41794241071428573	0.9330807308970099	0.11969451245129237
brd6340			0.41995297619047617	0.9344649006622516	0.11929864217465622
staurosporine			0.42274047619047617	0.9375630363036302	0.11860739421210621
necrosulfonamide			0.42441979166666666	0.9381911184210526	0.11820403869298865
lovastatin			0.43021934523809524	0.9475980392156863	0.11655096909784958
shikonin			0.4314955357142857	0.9475980392156863	0.11601990033732357
nsc 74859			0.4356081845238095	0.9526726688102893	0.11413510713736588
cd-1530			0.4395072916666667	0.9526726688102893	0.11173616678230773
gdc-0941			0.43984122023809524	0.9526726688102893	0.11148422945008599
brd-k84807411			0.44037366071428574	0.9526726688102893	0.11108683162760527
prochlorperazine			0.44089464285714286	0.9526726688102893	0.11070147319887925
azd6244			0.44706741071428574	0.9629144230769231	0.10591114827220763
brd-a02303741			0.4516346726190476	0.966987898089172	0.10200519073058152
sitagliptin			0.4518366071428571	0.966987898089172	0.10181450855486834
cay10618			0.4552577380952381	0.9712165079365079	0.09928676321038506
nvp-adw742			0.45926800595238093	0.9756583850931677	0.09622535770447281
brd-k48334597			0.4626370535714286	0.9756583850931677	0.09404970915452007
ci-1040			0.46275520833333333	0.9756583850931677	0.09398273329101899
srt-1720			0.4637907738095238	0.9756583850931677	0.09331300319935724
brd-k34222889			0.46492723214285714	0.9756583850931677	0.09257692607874099
brd-a71883111			0.4669760416666667	0.9756583850931677	0.09118522879617676
qw-bi-011			0.4675029761904762	0.9756583850931677	0.09082664123647166
brd-k17060750			0.4702644345238095	0.9783829721362228	0.0883596590385926
yk-4-279			0.47174002976190477	0.9784237654320987	0.0869069082698704
pdmp			0.47740059523809525	0.9871175384615385	0.08058210923017538
bendamustine			0.48268511904761907	0.9920703196347032	0.07296425399140169
brd-k71781559			0.4850202380952381	0.9920703196347032	0.06932375579423034
indisulam			0.49667916666666667	0.9803834782608697	0.053688129354556226
cyanoquinoline 11			0.49780014880952383	0.9803834782608697	0.05252652648381508
am-580			0.4992302083333333	0.9803834782608697	0.050848517066906886
mk-2206			0.4928296130952381	0.9683669590643276	0.029126238455250825
myriocin			0.4873683035714286	0.9604442815249268	0.013640555582888538
hyperforin			0.4821736607142857	0.9530020588235294	-0.026423719963724758
trifluoperazine			0.4800494047619048	0.9516023598820059	-0.031770703853707
ml029			0.47408333333333336	0.9425562130177515	-0.05040765201241429
procarbazine			0.4700967261904762	0.9374035608308606	-0.05729015982052999
osi-930			0.46871636904761904	0.9374035608308606	-0.05919289415475941
iu1			0.467634375	0.9374035608308606	-0.061199882498825575
tipifarnib-p1			0.46744672619047617	0.9374035608308606	-0.06158106484317757
etp-46464			0.4644514880952381	0.9372714714714715	-0.06764657404990475
vaf-347			0.46444836309523807	0.9372714714714715	-0.06766057315956597
docetaxel			0.46163511904761906	0.937216918429003	-0.07319235533329442
jq12			0.4606983630952381	0.937216918429003	-0.07480237006126163
tacrolimus			0.45820550595238096	0.9359091185410335	-0.0786255581496965
bms-270394			0.45669806547619046	0.9356740853658536	-0.08060632439186453
ku-0063794			0.456225	0.9356740853658536	-0.08120491831421449
b02			0.45585401785714286	0.9356740853658536	-0.08167422321738063
brd-k29313308			0.45548184523809526	0.9356740853658536	-0.0820894436507227
whi-p97			0.45300565476190474	0.9356740853658536	-0.08491238668963831
prima-1-met			0.452530505952381	0.9356740853658536	-0.08531047787181238
at-406			0.44858050595238097	0.9356740853658536	-0.08919248665430264
pluripotin			0.44840744047619047	0.9356740853658536	-0.08935401553708683
ch-55			0.4464989583333333	0.9356740853658536	-0.09098027153761291
brd-k09587429			0.44586785714285715	0.9356740853658536	-0.09149507575259626
barasertib			0.43936651785714287	0.928472641509434	-0.09605872888699121
ml311			0.439234375	0.928472641509434	-0.09614491355945123
fluvastatin			0.4378313988095238	0.928472641509434	-0.09725801838339829
gnf-2			0.4377446428571429	0.928472641509434	-0.09731782637379549
importazole			0.4357488095238095	0.928472641509434	-0.09890698942703588
regorafenib			0.4347797619047619	0.928472641509434	-0.0996483736434019
bix-01294			0.43379464285714286	0.928472641509434	-0.10048045481281431
ml239			0.43098824404761904	0.928472641509434	-0.10299213652734156
brd-k34485477			0.4306501488095238	0.928472641509434	-0.10333719680667232
belinostat			0.4288577380952381	0.928472641509434	-0.10487202330450385
mk-0752			0.4287592261904762	0.928472641509434	-0.10494176286150379
npk76-ii-72-1			0.42747738095238097	0.928472641509434	-0.10599919199755502
nvp-bez235			0.4271098214285714	0.928472641509434	-0.10629201421189224
brd-m00053801			0.42603764880952383	0.928472641509434	-0.10714136901835125
ex-527			0.425872619047619	0.928472641509434	-0.10729031487753592
gsk1059615			0.42466309523809526	0.928472641509434	-0.10828674609364908
ar-42			0.42365669642857146	0.928472641509434	-0.10904204440626238
etomoxir			0.4233561011904762	0.928472641509434	-0.10928587762965324
cx-5461			0.42285208333333335	0.928472641509434	-0.10964001072750468
pd-0325901			0.4223482142857143	0.928472641509434	-0.10998886581168077
tacedinaline			0.4221334821428571	0.928472641509434	-0.11014912532027821
ki8751			0.41678065476190473	0.928472641509434	-0.1134146850232064
nilotinib			0.41628080357142855	0.928472641509434	-0.11373315755948935
purmorphamine			0.4150970238095238	0.928472641509434	-0.11443482956452167
enzastaurin			0.4144470238095238	0.928472641509434	-0.1147412215267839
nvp-bsk805			0.41369285714285714	0.928472641509434	-0.11515603816637594
omipalisib			0.4078517857142857	0.928472641509434	-0.1171612099849095
brd-k63431240			0.4067983630952381	0.928472641509434	-0.11745157790691596
veliparib			0.40628824404761904	0.928472641509434	-0.11760494687029119
ipa-3			0.40450238095238095	0.928472641509434	-0.11808135509642073
brd-k55116708			0.40372455357142856	0.928472641509434	-0.11831160944346945
lrrk2-in-1			0.4027360119047619	0.928472641509434	-0.11857077011889541
phenformin			0.40185208333333333	0.928472641509434	-0.11883203194306281
bleomycin (50 um)			0.39795505952380955	0.928472641509434	-0.11998131712755243
brd-a05715709			0.3978315476190476	0.928472641509434	-0.12002035731516954
col-3			0.39363095238095236	0.928472641509434	-0.12117524899534707
palmostatin b			0.39355505952380954	0.928472641509434	-0.12120673302099991
brd-k09344309			0.39266815476190475	0.928472641509434	-0.12148589986337875
brd-k64610608			0.3925473214285714	0.928472641509434	-0.12151756605115045
bafilomycin a1			0.39236130952380954	0.928472641509434	-0.12156321228240538
c6-ceramide			0.39033616071428573	0.928472641509434	-0.12219046901196536
spautin-1			0.3874400297619048	0.928472641509434	-0.12303897990057604
brd-k97651142			0.38202380952380954	0.928472641509434	-0.12459871937924594
navitoclax			0.3818456845238095	0.928472641509434	-0.12465705923725184
kw-2449			0.38123630952380955	0.928472641509434	-0.12483622804208769
bax channel blocker			0.38083214285714284	0.928472641509434	-0.12496901830227462
snx-2112			0.37845833333333334	0.928472641509434	-0.12569166590023792
plx-4032			0.3763642857142857	0.928472641509434	-0.12645316462870948
ic-87114			0.3762302083333333	0.928472641509434	-0.12650977435495564
brd-k26531177			0.3729230654761905	0.928472641509434	-0.12768955467474483
entinostat			0.37181622023809524	0.928472641509434	-0.12806144226032432
jnk inhibitor viii			0.37071800595238097	0.928472641509434	-0.12846094192462945
brefeldin a			0.36988125	0.928472641509434	-0.12876793170645012
ml006			0.36909092261904763	0.928472641509434	-0.1290551718741966
ml050			0.36596473214285713	0.928472641509434	-0.13015675129514767
cbb-1007			0.3626776785714286	0.9266897338403042	-0.1313554895785241
wiki4			0.3595735119047619	0.9222648854961831	-0.13244991914545365
ibrutinib			0.3594733630952381	0.9222648854961831	-0.13248549158874148
piperlongumine			0.35880089285714284	0.9222648854961831	-0.13272769957004896
sorafenib			0.3565638392857143	0.9222648854961831	-0.13353842397382312
azacitidine			0.35164434523809524	0.9159108527131782	-0.13545338935312454
parthenolide			0.3509300595238095	0.9159108527131782	-0.13571772799754694
brd-a86708339			0.34960818452380954	0.9159108527131782	-0.1362315428183622
ski-ii			0.3466925595238095	0.913636862745098	-0.13732366575412872
ng-25			0.34580282738095236	0.913636862745098	-0.13766366643921216
sr8278			0.3455714285714286	0.913636862745098	-0.13774531553154462
dinaciclib			0.3454590773809524	0.913636862745098	-0.1377919935198461
ponatinib			0.3442029761904762	0.913636862745098	-0.13828105711534971
vu0155056			0.34398050595238094	0.913636862745098	-0.13837433425372406
azd8055			0.3434035714285714	0.913636862745098	-0.13863997986865548
bortezomib			0.34099375	0.913636862745098	-0.13967234921809601
ispinesib mesylate			0.3391605654761905	0.913636862745098	-0.14042893762370265
byl-719			0.3376328869047619	0.913636862745098	-0.14108240339479636
ml210			0.3343834821428571	0.913636862745098	-0.14246368729908188
tozasertib			0.33394613095238096	0.913636862745098	-0.14263949866037978
temozolomide			0.3337029761904762	0.913636862745098	-0.1427469284903877
sotrastaurin			0.33357901785714283	0.913636862745098	-0.14280211096079806
tivantinib			0.33324270833333336	0.913636862745098	-0.14294916593976015
gdc-0879			0.3308672619047619	0.913636862745098	-0.14396869456771322
gsk429286a			0.33008244047619045	0.913636862745098	-0.1443054337217234
cid-5951923			0.32148511904761906	0.9077226890756303	-0.148458736730515
nsc23766			0.3210087797619048	0.9077226890756303	-0.14868227864305808
mst-312			0.3203236607142857	0.9077226890756303	-0.14906244239219346
brd-k50799972			0.31956741071428574	0.9077226890756303	-0.14939595002720524
temsirolimus			0.3172575892857143	0.9077226890756303	-0.15050395772665642
serdemetan			0.31576517857142855	0.9077226890756303	-0.1512593715415622
xmd8-92			0.3151059523809524	0.9077226890756303	-0.15158549777134722
tandutinib			0.31394136904761905	0.9077226890756303	-0.15216369931572873
axitinib			0.31363541666666667	0.9077226890756303	-0.152335364899159
foretinib			0.31191785714285714	0.9077226890756303	-0.15314775589804386
z-llnle-cho			0.31162127976190473	0.9077226890756303	-0.15328224817663227
n9-isopropylolomoucine			0.30516473214285716	0.903395154185022	-0.1565924108655428
brd-k78574327			0.3049717261904762	0.903395154185022	-0.15669141133916453
prl-3 inhibitor i			0.3011309523809524	0.8993777777777778	-0.15870214397048696
epigallocatechin-3-monogallate			0.30037589285714283	0.8993777777777778	-0.15912523033026366
xav939			0.2992715773809524	0.8993777777777778	-0.15974836237661616
manumycin a			0.2981561011904762	0.8993777777777778	-0.1603622495485479
bi-2536			0.28844107142857145	0.8770696832579187	-0.16564063752442532
gsk2636771			0.2873172619047619	0.8770696832579187	-0.1662688788298062
ruxolitinib			0.2867645833333333	0.8770696832579187	-0.166582453157681
px-12			0.2865049107142857	0.8770696832579187	-0.1666997704884563
curcumin			0.2862715773809524	0.8770696832579187	-0.1668310519678851
bay-61-3606			0.28513645833333334	0.8770696832579187	-0.16742350505984965
panobinostat			0.2847861607142857	0.8770696832579187	-0.16762492169646853
brd-k24690302			0.2813171130952381	0.8770696832579187	-0.1694035060093335
gsk-j4			0.2794699404761905	0.8770696832579187	-0.17030545618541795
way-362450			0.27937485119047617	0.8770696832579187	-0.17037643407664896
brd1835			0.27319642857142856	0.870085308056872	-0.17308225055881213
azd1480			0.27308958333333333	0.870085308056872	-0.1731277440514725
daporinad			0.27304955357142857	0.870085308056872	-0.1731508604768149
akt inhibitor viii			0.27160848214285715	0.870085308056872	-0.1737078990682587
brd-k71935468			0.26894017857142855	0.870085308056872	-0.1746855363720942
nakiterpiosin			0.2688504464285714	0.870085308056872	-0.17472401370215773
kin001-266			0.2685672619047619	0.870085308056872	-0.17482128528106897
salubrinal			0.2679559523809524	0.870085308056872	-0.17507836590813983
elocalcitol			0.26668273809523807	0.870085308056872	-0.17562394965772854
sns-032			0.2661376488095238	0.870085308056872	-0.17584792173160138
ifosfamide			0.26478452380952383	0.870085308056872	-0.1764095220338882
semagacestat			0.2609674107142857	0.870085308056872	-0.17819697129759243
idelalisib			0.2590346726190476	0.870085308056872	-0.17913034169561404
nsc-207895			0.2573502976190476	0.870085308056872	-0.18002403361386451
fgin-1-27			0.254175	0.867033502538071	-0.18170891470822034
prima-1			0.2533811011904762	0.867033502538071	-0.1821271005066608
fumonisin b1			0.2512294642857143	0.8657753846153846	-0.18303212567166716
cytochalasin b			0.2504171130952381	0.8657753846153846	-0.18336052442699527
gw843682x			0.2491891369047619	0.8657753846153846	-0.1838510213696933
valdecoxib			0.2487125	0.8657753846153846	-0.1840475688438227
sb-431542			0.2479200892857143	0.8657753846153846	-0.18432912117325986
rtrail			0.24624880952380954	0.8657753846153846	-0.18498007737950128
sb52334			0.24623779761904763	0.8657753846153846	-0.18498309622330852
xmd15-27			0.23962142857142857	0.8565191489361702	-0.18772376174043967
leptomycin b			0.23768050595238097	0.8541245989304813	-0.18856966946995293
cytarabine			0.2342174107142857	0.8462048387096773	-0.1903530039456527
pac-1			0.2339532738095238	0.8462048387096773	-0.1904792913773422
isonicotinohydroxamic acid			0.2336891369047619	0.8462048387096773	-0.1906232933083692
brd8958			0.23293020833333333	0.8462048387096773	-0.1910782155176198
zebularine			0.22671011904761904	0.8370835164835165	-0.1947292250373908
alisertib			0.22507529761904763	0.8356386740331493	-0.19577449129080468
cucurbitacin i			0.22506205357142858	0.8356386740331493	-0.1957860605903917
ro4929097			0.222015625	0.8334888268156424	-0.19770819644541116
azd4547			0.21836130952380953	0.8243752808988765	-0.1998761084898673
zstk474			0.2180299107142857	0.8243752808988765	-0.20008854474715287
cil70			0.21761324404761906	0.8243752808988765	-0.20031339884125088
bix02189			0.21731994047619047	0.8243752808988765	-0.20050277686070517
cudc-101			0.2159470238095238	0.8243752808988765	-0.20135868986449806
cp724714			0.21533526785714285	0.8243752808988765	-0.20172123583118115
pitstop2			0.2142389880952381	0.8243752808988765	-0.20243815259911302
tg-100-115			0.21288601190476192	0.8243752808988765	-0.20322971364241194
birb-796			0.21276845238095238	0.8243752808988765	-0.20329307367250207
omacetaxine mepesuccinate			0.21182455357142857	0.8243752808988765	-0.20389278311529205
brd-k66532283			0.21154672619047618	0.8243752808988765	-0.2040618808270182
cil41			0.20948065476190475	0.8243752808988765	-0.20530229331443867
bms-754807			0.2084202380952381	0.8243752808988765	-0.2059922623298539
nsc632839			0.20677083333333332	0.8243752808988765	-0.20697615095402078
bleomycin a2			0.20571681547619047	0.8243752808988765	-0.20756101164282317
wz3105			0.20401666666666668	0.8243752808988765	-0.20855870183026695
pf-3758309			0.2005934523809524	0.8243752808988765	-0.21052531018634432
plx4720			0.19958571428571428	0.8243752808988765	-0.21096936473930522
linifanib			0.19736458333333334	0.8243752808988765	-0.21195031452642596
jw-74			0.1972138392857143	0.8243752808988765	-0.21201722953586316
ver-155008			0.19709598214285715	0.8243752808988765	-0.21207006440776155
brd-k92856060			0.19671517857142856	0.8243752808988765	-0.2122587065425023
linsitinib			0.1964139880952381	0.8243752808988765	-0.21239898339152552
iox2			0.19444791666666666	0.8243752808988765	-0.2132731494409131
brd-k88742110			0.1943657738095238	0.8243752808988765	-0.21331149475854153
s-trityl-l-cysteine			0.19431875	0.8243752808988765	-0.2133343123663133
simvastatin			0.19304538690476192	0.8243752808988765	-0.21385816390317
mitomycin-c			0.18930684523809524	0.8243752808988765	-0.21534735742827926
abiraterone			0.18898824404761905	0.8243752808988765	-0.2154739861775592
xmd14-99			0.1872080357142857	0.8243752808988765	-0.21619653871505487
cmk			0.18588005952380954	0.8243752808988765	-0.21671221202407012
istradefylline			0.18583318452380954	0.8243752808988765	-0.21672978064230586
unc0638			0.18424642857142856	0.8243752808988765	-0.2173583555315364
narciclasine			0.1813345238095238	0.8243752808988765	-0.21850820968833923
brd-k94991378			0.17919047619047618	0.8243752808988765	-0.21925334666278895
dmog			0.1791674107142857	0.8243752808988765	-0.21926300462402884
abt-737			0.1755001488095238	0.8243752808988765	-0.22064410140241772
kin001-244			0.17241636904761906	0.8217290780141845	-0.22194504296928502
khs101			0.1715700892857143	0.8217290780141845	-0.2222836667330944
xl765			0.17093794642857144	0.8217290780141845	-0.2225048548456776
ceranib-2			0.16927068452380953	0.8217290780141845	-0.2232351486934719
bx796			0.1675217261904762	0.8217124087591241	-0.22394064287000415
sb-743921			0.16548333333333334	0.8176823529411765	-0.22490037407752497
brd9647			0.16538675595238095	0.8176823529411765	-0.224950416294309
isoliquiritigenin			0.16439449404761905	0.8176823529411765	-0.22544476973011304
1s,3r-rsl-3			0.164225	0.8176823529411765	-0.2255409087013949
at13387			0.16267395833333334	0.8176823529411765	-0.22623495619198022
vx-680			0.1598748511904762	0.8176823529411765	-0.22736145357452422
ipr-456			0.15712574404761906	0.8122192307692307	-0.228763883389584
sgx-523			0.15469791666666666	0.8058682170542635	-0.2299547256720925
nvp-bhg712			0.15372693452380953	0.8058682170542635	-0.23040186027903
chlorambucil			0.15240892857142857	0.8058682170542635	-0.2310781005939379
bardoxolone methyl			0.15110848214285713	0.8058682170542635	-0.231792666130598
bexarotene			0.15065833333333334	0.8058682170542635	-0.23204271861049092
nsc19630			0.14894955357142858	0.8058682170542635	-0.2330423227641599
ly-2183240			0.14873541666666668	0.8058682170542635	-0.23315601043720344
cgp-60474			0.14680550595238095	0.8058682170542635	-0.23430312705582534
bms-536924			0.1466002976190476	0.8058682170542635	-0.234431060785922
azd7762			0.14600357142857143	0.8058682170542635	-0.2348088589465131
a-804598			0.14583482142857143	0.8058682170542635	-0.23490383321042324
stf-31			0.14521458333333334	0.8058682170542635	-0.23529596233247832
smer-3			0.14516473214285713	0.8058682170542635	-0.23532000809778034
dbeq			0.1450861607142857	0.8058682170542635	-0.23538226230888504
methylstat			0.14438645833333333	0.8058682170542635	-0.23582791523282862
cal-101			0.14287872023809522	0.8058682170542635	-0.23684502361151774
r428			0.14257098214285716	0.8058682170542635	-0.23701361465318538
bec			0.14175431547619047	0.8058682170542635	-0.23762476510573693
cil55a			0.14071130952380953	0.8058682170542635	-0.23837433529764174
mdivi-1			0.13921904761904763	0.8058682170542635	-0.2393539854465464
brd-k51831558			0.13901175595238094	0.8058682170542635	-0.23949127558540917
pictilisib			0.1388653273809524	0.8058682170542635	-0.23960420929177725
tl-1-85			0.1333747023809524	0.8058682170542635	-0.24349993096662767
kpt185			0.13175208333333333	0.8058682170542635	-0.2446018676637394
ml162			0.12986160714285713	0.8058682170542635	-0.2457779655013197
vorinostat			0.1292936011904762	0.8058682170542635	-0.2461324122257648
vismodegib			0.12895357142857142	0.8058682170542635	-0.24636871695014118
nelarabine			0.12622708333333332	0.8058682170542635	-0.2479508698960784
cay10576			0.12505505952380952	0.8058682170542635	-0.2486082454880088
osu-03012			0.12469345238095238	0.8058682170542635	-0.24883150967431883
fr-180204			0.12372931547619048	0.8058682170542635	-0.24936912445534387
tae684			0.12359181547619047	0.8058682170542635	-0.24945223099716965
rigosertib			0.11932916666666667	0.8058682170542635	-0.25174776264921855
aica ribonucleotide			0.11925639880952381	0.8058682170542635	-0.25178465095152947
brd-k96970199			0.11549345238095238	0.8058682170542635	-0.254209096669934
topotecan			0.11534464285714285	0.8058682170542635	-0.25430461580588654
kin001-236			0.1056702380952381	0.7635526881720429	-0.26125861172290693
brd-k33199242			0.10471800595238095	0.7635526881720429	-0.26202995317479527
ouabain			0.10406681547619048	0.7635526881720429	-0.26254782844089286
irinotecan			0.10324553571428571	0.7635526881720429	-0.26321379719884685
masitinib			0.10324136904761905	0.7635526881720429	-0.26321649120337975
motesanib			0.10245907738095238	0.7635526881720429	-0.26386835153488336
ql-xii-61			0.09740044642857143	0.7523344827586206	-0.2681749041987667
stf-62247			0.09465907738095238	0.7396616279069768	-0.2706275093727391
thalidomide			0.09366160714285714	0.7396616279069768	-0.2716062787561728
brd-k90370028			0.0925813988095238	0.7396616279069768	-0.27274638441496774
gmx-1778			0.09150401785714286	0.7396616279069768	-0.27383750356699044
nsc48300			0.08808735119047618	0.7218865853658536	-0.2776943888584954
brd-k35604418			0.08355982142857143	0.6932370370370371	-0.28307826071829906
mg-132			0.08238779761904762	0.6920575	-0.2848840660859419
ku 0060648			0.08227886904761905	0.6920575	-0.28504228209577503
imatinib			0.08080104166666667	0.6920575	-0.2871846746024664
methotrexate			0.08059434523809524	0.6920575	-0.2874587526819265
niclosamide			0.07832425595238095	0.6920575	-0.29043825264914724
cediranib			0.07513973214285714	0.673252	-0.2946539850337604
tosedostat			0.07170520833333334	0.6511608108108109	-0.2997258160901464
pi-103			0.07092366071428571	0.6511608108108109	-0.3007874454360167
cimetidine			0.07051309523809524	0.6511608108108109	-0.3013416969448329
at7867			0.07021160714285714	0.6511608108108109	-0.3017357131515115
birinapant			0.0698	0.6511608108108109	-0.3023025243693974
ml031			0.06967619047619047	0.6511608108108109	-0.3024777751601141
paclitaxel			0.06886428571428571	0.6511608108108109	-0.3034628550175845
erismodegib			0.06873660714285715	0.6511608108108109	-0.303583957699631
ql-x-138			0.0678860119047619	0.6511608108108109	-0.30453296386129364
sepantronium bromide			0.0677421130952381	0.6511608108108109	-0.30467175274057834
brd-k33514849			0.06749255952380952	0.6511608108108109	-0.3049381545338382
pd-0332991			0.06747008928571428	0.6511608108108109	-0.3049635741253777
kin001-260			0.06657127976190476	0.6511608108108109	-0.30591024626176055
tretinoin			0.06369196428571429	0.6511608108108109	-0.30907826956345463
osi-027			0.06340044642857143	0.6511608108108109	-0.3094962947267492
raf265			0.06326294642857143	0.6511608108108109	-0.3096419937733571
at-7519			0.06185595238095238	0.6511608108108109	-0.31141294844290335
gsk4112			0.061836160714285715	0.6511608108108109	-0.3114410967757805
vx-702			0.06177827380952381	0.6511608108108109	-0.31151766029468747
mps-1-in-1			0.05905952380952381	0.6511608108108109	-0.31530502068611077
cp466722			0.05854419642857143	0.6511608108108109	-0.31603935709632
jw-7-24-1			0.05829642857142857	0.6511608108108109	-0.3164262036961812
sid 26681509			0.05631071428571428	0.6511608108108109	-0.3192744046122824
brd-k29086754			0.05135967261904762	0.6511608108108109	-0.32489214693895907
tubastatin a			0.050298363095238094	0.6511608108108109	-0.32610647816999716
tl-2-105			0.04723779761904762	0.6478326530612244	-0.32956086223281394
tw 37			0.04651026785714286	0.6478326530612244	-0.33035583297262616
y-39983			0.046466517857142856	0.6478326530612244	-0.3303958440651601
zm447439			0.04457663690476191	0.6478326530612244	-0.3323589627438363
thz-2-49			0.043657886904761904	0.6478326530612244	-0.33347138183374136
brd-k37390332			0.043110416666666665	0.6478326530612244	-0.33425599576007037
quizartinib			0.042262351190476194	0.6478326530612244	-0.3353874594965726
sn-38			0.04137113095238095	0.6478326530612244	-0.33690981815060944
vx-11e			0.038305059523809526	0.6278292682926829	-0.34194150030964715
t0901317			0.03651949404761905	0.6135275	-0.34605186632937707
pik-93			0.036406101190476194	0.6135275	-0.3463064548858478
amuvatinib			0.03604047619047619	0.6135275	-0.3472046764640487
gsk1070916			0.03542901785714286	0.6135275	-0.34857606152240095
sj-172550			0.03425029761904762	0.6135275	-0.3512627048007752
dacinostat			0.0332141369047619	0.6135275	-0.35348337447939576
pf2341066			0.032670089285714285	0.6135275	-0.35442704186210205
fulvestrant			0.03177276785714286	0.6135275	-0.3560394502554551
ql-xi-92			0.031622172619047616	0.6135275	-0.35639698711799356
pf-543			0.02994657738095238	0.6135275	-0.360151339429437
cct036477			0.027782738095238096	0.6135275	-0.36793550468995484
thz-2-102-1			0.025935119047619047	0.6009793103448275	-0.3765644498920169
avrainvillamide			0.025504315476190476	0.6009793103448275	-0.37811881781368667
kh-cb19			0.02489747023809524	0.6009793103448275	-0.3804128322277513
rita			0.024138690476190477	0.6009793103448275	-0.3827466178798933
bms-345541			0.022436458333333333	0.6009793103448275	-0.38908736061763877
gsk690693			0.02239732142857143	0.6009793103448275	-0.3893155932381055
i-bet-762			0.01930848214285714	0.5641434782608694	-0.41217447824731024
tpca-1			0.018463095238095237	0.5639636363636363	-0.41916212182650603
fedratinib			0.01831845238095238	0.5639636363636363	-0.42003980968389465
plx-4720			0.018065178571428572	0.5639636363636363	-0.4215186199299243
pha-793887			0.016392410714285714	0.5639636363636363	-0.43885753538599215
lbw242			0.014925595238095238	0.5572222222222223	-0.46184608973397456
alectinib			0.01476875	0.5572222222222223	-0.4627097916362219
oligomycin a			0.011492113095238095	0.48266875000000004	-0.48928957978922955
genentech cpd 10			0.007786458333333334	0.34883333333333333	-0.5008910960398444
cay10603			0.0070144345238095235	0.3366928571428571	-0.5028519675152912
kin001-270			0.006409672619047619	0.3313307692307692	-0.5044224956792204
brd-k49290616			0.005520386904761905	0.3091416666666667	-0.5063440506772079
ym201636			0.003824404761904762	0.23363636363636361	-0.5108906881211398
xmd13-2		0.09064150390045	0.0035532738095238096	0.23363636363636361	-0.5120355648732396
bx-912		0.10795835354463769	0.003141815476190476	0.23363636363636361	-0.5143912384206368
etoposide		0.06788681439110354	0.002808482142857143	0.23363636363636361	-0.5390328220965654
5-fluorouracil		0.060397755433568324	0.0026364583333333335	0.23363636363636361	-0.5568775909778854
camptothecin		0.0730812048744907	0.002545386904761905	0.23363636363636361	-0.5596137726994637
ql-xii-47		0.06324644959464115	0.0025357142857142857	0.23363636363636361	-0.5599511302464881
marinopyrrole a		0.06452048261636138	0.002238690476190476	0.23363636363636361	-0.5667049759493379
tivozanib		0.10971594207120401	0.0014808035714285715	0.23363636363636361	-0.6021160298633427
ym-155		0.09475718459398083	0.0010386904761904763	0.23363636363636361	-0.6114361853149571
sb-505124		0.08346333531326919	0.00011919642857142858	0.0801	-0.7743058917415332
