Name	Score(0.95 MoE)	0.95 MoE	p-value	FDR	Score
sb-505124			6.729475100942126e-05	0.049999999999999996	0.8132022220563189
gsk-461364			0.0003230148048452221	0.12000000000000001	0.7506557413061217
mercaptopurine			0.0009152086137281292	0.22666666666666668	0.669983015646718
streptozotocin			0.0016554508748317632	0.272	0.6348227344624852
escitalopram			0.002220726783310902	0.272	0.6181088899315627
tg100-115			0.002597577388963661	0.272	0.6096000450234504
marinopyrrole a			0.0033109017496635263	0.272	0.5989533497518308
ym201636			0.0034454912516823687	0.272	0.596182240085133
alfuzosin			0.0034993270524899056	0.272	0.5953385641583347
tozasertib			0.003660834454912517	0.272	0.594145790412056
palonosetron			0.004495289367429341	0.30363636363636365	0.5794019215347218
cimetidine			0.005100942126514132	0.31583333333333335	0.5691696712669104
bx-912			0.007711978465679677	0.38705882352941184	0.5447114300594004
xmd13-2			0.007927321668909824	0.38705882352941184	0.5430396842876664
tivozanib			0.008142664872139974	0.38705882352941184	0.541994412752192
cay10603			0.008613728129205921	0.38705882352941184	0.5381589241374634
gsk690693			0.00885598923283984	0.38705882352941184	0.5358020538031629
ml031			0.00943472409152086	0.3894444444444444	0.5316979076360494
kin001-270			0.012987886944818304	0.4835	0.507419689945159
brd-k49290616			0.013014804845222072	0.4835	0.5071543441359507
camptothecin			0.01386271870794078	0.4904761904761905	0.5034550271433272
brd-k90370028			0.014831763122476447	0.4915999999999999	0.4972435243812734
5-fluorouracil			0.015397039030955585	0.4915999999999999	0.4953642162267522
goserelin			0.016352624495289368	0.4915999999999999	0.49063553846512514
kh-cb19			0.016541049798115746	0.4915999999999999	0.48986027497244977
ql-x-138			0.019394347240915207	0.5332142857142858	0.4773335137817524
cct036477			0.019582772543741588	0.5332142857142858	0.4766531573839873
ql-xii-47			0.02009421265141319	0.5332142857142858	0.4742831842638243
thz-2-49			0.021628532974427996	0.55	0.46698407047182555
alectinib			0.02224764468371467	0.55	0.46442036401282394
stf-62247			0.022947510094212652	0.55	0.4612440754401265
jw-7-24-1			0.026191117092866756	0.5661904761904762	0.4486282100528701
genentech cpd 10			0.026191117092866756	0.5661904761904762	0.44853459913456817
i-bet-762			0.026917900403768506	0.5661904761904762	0.4454805767918351
exemestane			0.027577388963660833	0.5661904761904762	0.4431266704079954
imiquimod			0.029030955585464334	0.5661904761904762	0.43810734114210115
tpca-1			0.02924629878869448	0.5661904761904762	0.43713323481174504
navitoclax			0.02981157469717362	0.5661904761904762	0.4347890364736505
busulfan			0.030148048452220726	0.5661904761904762	0.43356542707639
osi-027			0.030551816958277255	0.5661904761904762	0.43254418204038586
lbw242			0.03139973082099596	0.5661904761904762	0.4298496424223493
nvp-bhg712			0.03200538358008075	0.5661904761904762	0.42756090137236685
azd-7762			0.03580080753701211	0.61625	0.41508712178553164
brd-k35604418			0.037039030955585465	0.61625	0.41092280315325636
birinapant			0.038209959623149395	0.61625	0.40799143576405933
brd-k33199242			0.03925975773889637	0.61625	0.4056375874874766
plx-4720			0.03939434724091521	0.61625	0.40520559331177536
fedratinib			0.03981157469717362	0.61625	0.4039790951994743
abiraterone			0.04325706594885599	0.6411764705882353	0.3955333928447275
thz-2-102-1			0.043458950201884256	0.6411764705882353	0.3951629709863832
at-7519			0.04401076716016151	0.6411764705882353	0.39410452839911775
cp466722			0.04586810228802153	0.6553846153846153	0.3900059315373316
bms-345541			0.04847913862718708	0.6610169491525424	0.38365155665786477
fulvestrant			0.04899057873485868	0.6610169491525424	0.3826183099089032
masitinib			0.050497981157469715	0.6610169491525424	0.37912853401649615
sj-172550			0.05134589502018842	0.6610169491525424	0.37728280319566365
avrainvillamide			0.05243606998654105	0.6610169491525424	0.375276766405995
capecitabine			0.0524764468371467	0.6610169491525424	0.37517728987117366
ng-25			0.052489905787348586	0.6610169491525424	0.3750480776343138
rita			0.05550471063257066	0.6873333333333335	0.36835510327519594
homoharringtonine			0.058815612382234185	0.7163934426229508	0.3614135782285199
tacrolimus			0.06279946164199192	0.7525806451612903	0.3539632605910056
pirfenidone			0.06547779273216689	0.7621428571428571	0.3488546955264039
procarbazine			0.06810228802153433	0.7621428571428571	0.34498382193235205
ql-xi-92			0.06858681022880216	0.7621428571428571	0.3441872009964307
tubastatin a			0.06877523553162854	0.7621428571428571	0.3438576294724954
epigallocatechin-3-monogallate			0.06878869448183042	0.7621428571428571	0.3438317123746316
pik-93			0.0704172274562584	0.7621428571428571	0.34109192698491675
pf-3758309			0.07115746971736205	0.7621428571428571	0.34009212698032176
etoposide			0.07180349932705249	0.7621428571428571	0.3391769715055856
cinacalcet			0.07314939434724091	0.7654929577464787	0.3367230894061157
tretinoin			0.07554508748317632	0.7710810810810811	0.33316736936416097
methylstat			0.07633916554508749	0.7710810810810811	0.33216203914748393
aminoglutethimide			0.07679676985195155	0.7710810810810811	0.33139508148090024
tl-2-105			0.08168236877523553	0.8086075949367088	0.32457947158361566
mps-1-in-1			0.08458950201884254	0.8086075949367088	0.31990192686618213
ym-155			0.08485868102288022	0.8086075949367088	0.31935804977201615
gmx-1778			0.08523553162853298	0.8086075949367088	0.318820666389709
lovastatin			0.0859757738896366	0.8086075949367088	0.31790392753589103
cgp-60474			0.08714670255720054	0.8093750000000001	0.31640535125011743
pd-0332991			0.0896635262449529	0.8156097560975609	0.3128184957817435
dacinostat			0.09001345895020188	0.8156097560975609	0.3123427693047452
brd-k51831558			0.09166890982503365	0.8206024096385542	0.3103730552800127
isonicotinohydroxamic acid			0.09697173620457604	0.8484883720930233	0.30412537776338994
rigosertib			0.09802153432032301	0.8484883720930233	0.303095405146302
y-39983			0.09820995962314939	0.8484883720930233	0.30290071408651403
pf2341066			0.10064602960969045	0.8595402298850575	0.29955840250814586
gsk-1059615			0.10238223418573351	0.8644318181818181	0.2976338223570041
ro4929097			0.1047779273216689	0.8747191011235955	0.29419867603946187
sr8278			0.10685060565275908	0.8747252747252747	0.2914737535692812
t0901317			0.10713324360699865	0.8747252747252747	0.2910523717686478
brd9647			0.11067294751009421	0.8897849462365591	0.28716714557097534
tl-1-85			0.11137281292059219	0.8897849462365591	0.28653905673281727
nsc19630			0.11493943472409152	0.9085106382978723	0.2822847229705047
ql-xii-61			0.11637954239569313	0.9102105263157894	0.2804210816137806
quizartinib			0.11911170928667564	0.921875	0.2776212476389161
motesanib			0.12160161507402423	0.9239805825242718	0.27526172110257713
nilotinib			0.12293405114401076	0.9239805825242718	0.2739267016393304
niclosamide			0.1253162853297443	0.9239805825242718	0.27140007798957283
kin001-260			0.12569313593539705	0.9239805825242718	0.2711969161149998
riluzole			0.12685060565275907	0.9239805825242718	0.2700379538595962
sunitinib			0.1278734858681023	0.9239805825242718	0.2687680506328553
sb-525334			0.12808882907133243	0.9239805825242718	0.2685684879712051
paclitaxel			0.1315343203230148	0.9310377358490567	0.2648583581797546
zm447439			0.13157469717362047	0.9310377358490567	0.2647978039122675
ouabain			0.1328263795423957	0.9310377358490567	0.2633139124484083
cerulenin			0.14005383580080755	0.9601834862385322	0.25592141696054893
mln-4924			0.14021534320323015	0.9601834862385322	0.25571344435575627
isoliquiritigenin			0.1408613728129206	0.9601834862385322	0.25492108514544554
s-trityl-l-cysteine			0.14340511440107673	0.9686363636363636	0.2521738560550555
ipa-3			0.1459892328398385	0.9772072072072072	0.25015915981004133
pi-103			0.14993270524899058	0.9895575221238938	0.24666822459154963
wz3105			0.1504979811574697	0.9895575221238938	0.24616661784475027
ml050			0.1543741588156124	0.9973015873015874	0.24247405311942513
aica ribonucleotide			0.15764468371467025	0.9950238473767886	0.23969381165952822
tosedostat			0.15897711978465678	0.9950238473767886	0.2380429515060137
snx-2112			0.16040376850605653	0.9949282296650717	0.23694238171559678
bardoxolone methyl			0.1625706594885599	0.9939776357827476	0.23507400940560894
docetaxel			0.16305518169582772	0.9939776357827476	0.23465737888705676
barasertib			0.1641991924629879	0.9939776357827476	0.2336519117684554
panobinostat			0.1708748317631225	0.9888282504012842	0.22776959022090537
xmd14-99			0.17144010767160162	0.9888282504012842	0.2274098004677367
mln-2238			0.17313593539703903	0.9888282504012842	0.22617139193755645
simvastatin			0.17497981157469716	0.9886935483870967	0.2247945659692011
gsk4112			0.17667563930013458	0.9882714054927302	0.2233980648818262
brd-k37390332			0.17765814266487215	0.9882714054927302	0.2226221419413767
irinotecan			0.17838492597577388	0.9882714054927302	0.22208791468013206
at7867			0.18275908479138628	0.9857305194805195	0.21866870342094769
enzastaurin			0.1839434724091521	0.9857305194805195	0.21788094991127524
vinblastine			0.18506056527590847	0.9857305194805195	0.21680790547408738
brd-k29086754			0.18694481830417228	0.9854812398042414	0.21533373543323722
brd-k78574327			0.1884656796769852	0.9852450980392156	0.21423654223812227
bromfenac			0.19010767160161507	0.9848608837970539	0.21304408798231672
veliparib			0.19553162853297443	0.9798852459016393	0.208779023530806
r428			0.19771197846567967	0.9788505747126437	0.20738653967462628
thalidomide			0.19808882907133243	0.9788505747126437	0.20723434203983365
pf-543			0.198721399730821	0.9788505747126437	0.20671364809036513
kin001-236			0.1988156123822342	0.9788505747126437	0.20663368520576422
cudc-101			0.2005114401076716	0.9788505747126437	0.20537241473310655
kpt185			0.20407806191117092	0.9788505747126437	0.2026058521125461
curcumin			0.20613728129205922	0.9781757877280266	0.2011729224300062
kin001-244			0.20784656796769851	0.9777076411960133	0.19967239484159816
toremifene			0.20869448183041722	0.9777076411960133	0.19888432296084216
cay10576			0.20970390309555856	0.9777076411960133	0.19824152900340433
dmog			0.20978465679676986	0.9777076411960133	0.1981380521499697
etomoxir			0.2111036339165545	0.9777076411960133	0.19723706641009972
istradefylline			0.21150740242261104	0.9777076411960133	0.196999231459023
pitstop2			0.21414535666218035	0.9777076411960133	0.19463309081426514
letrozole			0.21441453566621804	0.9777076411960133	0.19439528121421673
bec			0.21462987886944818	0.9777076411960133	0.19420120010778558
tegafur			0.21506056527590847	0.9777076411960133	0.19386135839927227
birb-796			0.21553162853297442	0.9777076411960133	0.1934989281925034
at13387			0.21567967698519516	0.9777076411960133	0.19329737929274002
thiotepa			0.2204979811574697	0.9777076411960133	0.18965305295954973
oligomycin a			0.22173620457604307	0.9777076411960133	0.18882386158154185
foretinib			0.22456258411843877	0.9777076411960133	0.18679945024265196
bix02189			0.2268371467025572	0.9777076411960133	0.18499065153394156
kin001-266			0.2354777927321669	0.9693515358361775	0.17928375399811985
ch-55			0.23987886944818304	0.9654358974358974	0.17597334376346038
a-804598			0.24067294751009422	0.9654358974358974	0.17533492063222225
imatinib			0.2419650067294751	0.9654358974358974	0.1741194663696443
brd-k55116708			0.24336473755047106	0.9654358974358974	0.17302535208995198
mk-1775			0.24582772543741588	0.9644922547332185	0.17124618755669135
lrrk2-in-1			0.24656796769851952	0.9644922547332185	0.17048451122802266
vx-680			0.2500672947510094	0.9623488773747841	0.16826590961232896
azd1480			0.2528263795423957	0.9604671280276815	0.1666142137533927
mesna			0.2588559892328398	0.954367417677643	0.16251335423746022
tw 37			0.26261103633916555	0.9511805555555556	0.1600671432879301
prima-1			0.2629744279946164	0.9511805555555556	0.15988510898436048
plx4720			0.263956931359354	0.9511805555555556	0.15921261144232177
axitinib			0.26695827725437415	0.9505235602094241	0.1568235985898183
pha-793887			0.26741588156123824	0.9505235602094241	0.15657232970042548
sb-431542			0.268021534320323	0.9505235602094241	0.15619377078006483
purmorphamine			0.2784656796769852	0.9405263157894737	0.1493025573336324
formestane			0.2807402422611036	0.9392091388400704	0.14773368819722524
ispinesib mesylate			0.2810228802153432	0.9392091388400704	0.14751866135908984
lenalidomide			0.28253028263795427	0.9392091388400704	0.14648708273767272
daporinad			0.2825841184387618	0.9392091388400704	0.14645133468420835
vx-11e			0.28662180349932703	0.9382477876106194	0.14407589410656838
gsk-j4			0.28876177658142665	0.9369680851063831	0.14282087326747503
khs101			0.2897442799461642	0.9369680851063831	0.14226621108785925
valdecoxib			0.292907133243607	0.9348398576512456	0.14001279383789766
xmd15-27			0.29318977119784656	0.9348398576512456	0.13985732304250909
gsk429286a			0.29457604306864066	0.9348398576512456	0.13901048468065794
sulindac			0.29876177658142666	0.9320572450805009	0.13652049166251498
sid 26681509			0.2998115746971736	0.9320572450805009	0.1358954599303632
bortezomib			0.3006864064602961	0.9320572450805009	0.1353777503693568
sotrastaurin			0.3043203230148048	0.9296942446043166	0.13347718245368764
akt inhibitor viii			0.31125168236877526	0.9220900900900901	0.12861061895548595
azacitidine			0.3130148048452221	0.9213718411552347	0.12756381121684127
bax channel blocker			0.3137281292059219	0.9213718411552347	0.12702678695855657
sn-38			0.3163391655450875	0.9202173913043479	0.12530503207692137
ifosfamide			0.3173620457604307	0.9202173913043479	0.1247700806000534
omipalisib			0.31816958277254376	0.9202173913043479	0.12419242945540344
xav939			0.32005383580080754	0.9202173913043479	0.1230868672169218
ipr-456			0.32227456258411846	0.9188868613138685	0.12161591188161512
azd4547			0.3243606998654105	0.9177330895795247	0.12010190719542821
brd-k09344309			0.3244549125168237	0.9177330895795247	0.12001221143378851
byl-719			0.3301749663526245	0.9131743119266056	0.11657160397205067
tacedinaline			0.331049798115747	0.9131743119266056	0.11606516570216692
importazole			0.33216689098250335	0.9131743119266056	0.11528755699500141
bms-536924			0.3322745625841184	0.9131743119266056	0.11525950226680075
cil55a			0.33593539703903097	0.9120147874306839	0.11283713348300982
fumonisin b1			0.338021534320323	0.9108518518518519	0.11123112114147403
mln2480			0.33806191117092865	0.9108518518518519	0.11117884458418405
cyproterone			0.34418573351278603	0.905724907063197	0.10688899486833302
salubrinal			0.34450874831763123	0.905724907063197	0.1066381419367868
brd-k33514849			0.3455316285329744	0.905724907063197	0.10599317380471211
mitomycin-c			0.3455585464333782	0.905724907063197	0.10598481922228067
elocalcitol			0.345935397039031	0.905724907063197	0.10564147328915637
on-01910			0.34755047106325704	0.905724907063197	0.10453897453866401
jw-74			0.35047106325706595	0.905724907063197	0.1028403440338591
hydrocortisone			0.3516958277254374	0.905724907063197	0.10189356381770301
nsc48300			0.3565814266487214	0.902	0.09870422470200062
brd-k26531177			0.3585733512786003	0.9009073724007562	0.09737027289476483
brd-k66532283			0.35908479138627186	0.9009073724007562	0.09704679536529895
unc0638			0.3609421265141319	0.9009073724007562	0.09578112562020245
brd-k29313308			0.36131897711978467	0.9009073724007562	0.0956346642722819
brd-k64610608			0.3621265141318977	0.9009073724007562	0.09499106008134016
brd-k45681478			0.36304172274562585	0.9009073724007562	0.09458118888702828
ponatinib			0.36390309555854644	0.9009073724007562	0.09408572536652002
cucurbitacin i			0.3644279946164199	0.9009073724007562	0.09369842019519813
pac-1			0.367092866756393	0.9009073724007562	0.09208337274900909
propranolol			0.36808882907133245	0.9009073724007562	0.09139157017787786
wiki4			0.369300134589502	0.9009073724007562	0.09059500336749957
fgin-1-27			0.3710228802153432	0.9009073724007562	0.0895858609893166
pluripotin			0.3722341857335128	0.9009073724007562	0.08879766123488878
gdc-0879			0.37337819650067294	0.9009073724007562	0.08806624756637041
bms-754807			0.3746164199192463	0.9009073724007562	0.0873449380238655
jnk inhibitor viii			0.37686406460296096	0.9007782101167314	0.08604535890313704
aprepitant			0.3769986541049798	0.9007782101167314	0.0858846203275097
brd-k94991378			0.37943472409152085	0.900546875	0.0838615956404292
stf-31			0.37952893674293403	0.900546875	0.08381289173560977
ar-42			0.3810228802153432	0.900546875	0.08290484313067675
cediranib			0.382907133243607	0.900546875	0.08193874205967767
iox2			0.38321668909825035	0.900546875	0.08182869876672674
brd-a86708339			0.38526244952893673	0.900546875	0.08066013972826468
nsc-207895			0.3932032301480485	0.8910079051383399	0.07564677696627767
tivantinib			0.39372812920592193	0.8910079051383399	0.0753426149371715
prl-3 inhibitor i			0.3965410497981158	0.8896230158730157	0.07355316757900522
nsc632839			0.39826379542395696	0.8888469184890655	0.07234872874773554
anagrelide			0.40337819650067297	0.8830478087649402	0.06917997979423246
ml029			0.40690444145356663	0.8795808383233533	0.06727410499378134
parthenolide			0.4076043068640646	0.8795808383233533	0.06692834433986083
etp-46464			0.4097442799461642	0.8788777555110219	0.06550007933231018
cal-101			0.4105114401076716	0.8788777555110219	0.06507827681208878
bleomycin (50 um)			0.4111440107671602	0.8788777555110219	0.0646252317866721
brd-k92856060			0.4123149394347241	0.8788777555110219	0.06388271544456972
bleomycin a2			0.4170121130551817	0.8750707070707071	0.06080575933486166
osu-03012			0.41756393001345893	0.8750707070707071	0.06041573079204424
manumycin a			0.4198384925975774	0.8743813387423934	0.05873001758523543
gw843682x			0.4209152086137281	0.8743813387423934	0.057611041607625445
mdivi-1			0.4316150740242261	0.860122199592668	0.0505885222592706
bay-61-3606			0.43592193808882906	0.855326530612245	0.047759390353139204
plx-4032			0.43687752355316284	0.855326530612245	0.04710319907552231
whi-p97			0.43703903095558544	0.855326530612245	0.047034606684508304
n9-isopropylolomoucine			0.43802153432032304	0.855326530612245	0.046266363233251034
abt-737			0.4387617765814266	0.855326530612245	0.04578717017616926
nelarabine			0.4404172274562584	0.855326530612245	0.04477490303411435
npk76-ii-72-1			0.4415477792732167	0.855326530612245	0.04408923659874457
zebularine			0.4423418573351279	0.855326530612245	0.04350499900858262
tg-100-115			0.4426244952893674	0.855326530612245	0.04332508553085744
vincristine			0.4457469717362046	0.855326530612245	0.041249959179748094
ondansetron			0.44585464333781966	0.855326530612245	0.04113454004367994
piperlongumine			0.45028263795423956	0.8526931106471815	0.038015576905995926
azd-6482			0.4559219380888291	0.8457322175732217	0.034745023105835535
fr-180204			0.45705248990578734	0.8457322175732217	0.03410996248624515
brd-m00053801			0.4583176312247645	0.8455252100840337	0.0333870166701784
sepantronium bromide			0.45850605652759086	0.8455252100840337	0.03320018477060915
vorinostat			0.4594885598923284	0.8455252100840337	0.03247676286538239
tandutinib			0.4597173620457604	0.8455252100840337	0.03233076399370928
bicalutamide			0.461507402422611	0.8455252100840337	0.03095218794047288
ubenimex			0.4625706594885599	0.8455252100840337	0.030062317896434636
tofacitinib			0.46262449528936744	0.8455252100840337	0.029968740568040494
prochlorperazine			0.4652220726783311	0.8455252100840337	0.028344319148027316
linsitinib			0.4673485868102288	0.8455252100840337	0.02690173884588376
vemurafenib			0.46749663526244956	0.8455252100840337	0.026762041058072537
temozolomide			0.4681022880215343	0.8455252100840337	0.026411978421080014
itraconazole			0.47072678331090173	0.8455252100840337	0.0245990739219728
ruxolitinib			0.4718842530282638	0.8455252100840337	0.023881998790862495
wz4002			0.47242261103633915	0.8455252100840337	0.023576715380532163
ic-87114			0.47355316285329746	0.8455252100840337	0.02289987261624496
pd-0325901			0.4748586810228802	0.8455252100840337	0.021924895847760542
cil41			0.4806191117092867	0.8389347826086955	0.01819930578036342
nsc23766			0.48149394347240915	0.8389347826086955	0.01761535625764459
altretamine			0.4822880215343203	0.8389347826086955	0.017103576919933566
gsk2636771			0.4827590847913863	0.8389347826086955	0.01678792321709673
tae684			0.4844010767160162	0.8389347826086955	0.015994217559605083
aew541			0.487671601615074	0.8366373626373625	0.014033174179542196
nvp-bez235			0.48901749663526245	0.8362555066079296	0.013045672482780837
regorafenib			0.49064602960969045	0.835430463576159	0.012110533038849295
sgx-523			0.4907806191117093	0.835430463576159	0.012024650507410473
bix-01294			0.49289367429340514	0.835430463576159	0.010713632362094484
vu0155056			0.4941184387617766	0.8352666666666665	0.009857271684587093
prednisone			0.49787348586810226	0.8238752783964365	0.004176453099374562
hyperforin			0.49722745625841186	0.8238752783964365	0.003613799008452263
ibrutinib			0.49149394347240916	0.8169574944071588	-7.702255929053845e-05
erismodegib			0.4895154777927322	0.815493273542601	-0.0014954420716998373
semaxanib			0.48847913862718706	0.815493273542601	-0.0024115987213300786
cp724714			0.4874158815612382	0.815493273542601	-0.0031156679858299705
bx796			0.48654104979811574	0.815493273542601	-0.0036834218483613353
agk-2			0.4809959623149394	0.808552036199095	-0.006980332571704168
sz4ta2			0.4804576043068641	0.808552036199095	-0.007365800428685678
necrosulfonamide			0.47825033647375503	0.807590909090909	-0.008874383104181267
osi-930			0.4779676985195155	0.807590909090909	-0.009140835826659225
brd-k42260513			0.4775908479138627	0.807590909090909	-0.009498397477258691
ml162			0.4732436069986541	0.8046224256292906	-0.012317316971609362
dinaciclib			0.4731628532974428	0.8046224256292906	-0.012367025862853974
gsk1059615			0.4717362045760431	0.8046224256292906	-0.013429707650481345
mitotane			0.4713458950201884	0.8046224256292906	-0.01365405148847225
cil70			0.4698923283983849	0.8046224256292906	-0.01460289777989045
cbb-1007			0.4649663526244953	0.7996990740740741	-0.01747614182565724
mln2238			0.463135935397039	0.7983990719257541	-0.01864441705141081
ly-2183240			0.46240915208613725	0.7983990719257541	-0.01918587967354163
anastrozole			0.46117092866756393	0.7983990719257541	-0.020099113085060055
narciclasine			0.45866756393001346	0.7962383177570094	-0.021733895466461865
alisertib			0.45767160161507403	0.7962383177570094	-0.0222742431080261
ku-0063794			0.45740242261103636	0.7962383177570094	-0.022486362615793273
linifanib			0.4553701211305518	0.7960941176470587	-0.024095317105374176
px-12			0.4514535666218035	0.7911084905660377	-0.026502436950201446
lfm-a13			0.4493808882907133	0.789338061465721	-0.027679790478331086
z-llnle-cho			0.4480753701211306	0.7889099526066351	-0.028546709097128406
pictilisib			0.4473620457604307	0.7889099526066351	-0.028957864948722465
ml083			0.4463660834454912	0.7889099526066351	-0.029603466096138877
semagacestat			0.4463660834454912	0.7889099526066351	-0.029610786392408626
pl-di			0.44635262449528934	0.7889099526066351	-0.029666433359032844
brd-k63431240			0.4458277254374159	0.7889099526066351	-0.0300455488377287
ml311			0.44550471063257063	0.7889099526066351	-0.030175235033233862
cid-5951923			0.43390309555854645	0.7768433734939759	-0.03736676394068417
smer-3			0.43388963660834456	0.7768433734939759	-0.03738723972036118
sns-032			0.4336473755047106	0.7768433734939759	-0.037540622518859
trifluoperazine			0.4334724091520861	0.7768433734939759	-0.037632705117023366
brd-k41334119			0.4333109017496635	0.7768433734939759	-0.0377078136771809
myriocin			0.43236877523553163	0.7768433734939759	-0.0384252095927348
spautin-1			0.43219380888290715	0.7768433734939759	-0.0385427287823273
1s,3r-rsl-3			0.43158815612382234	0.7768433734939759	-0.038745478907212874
way-362450			0.4280349932705249	0.7768433734939759	-0.0409534605493251
methoxsalen			0.4275100942126514	0.7768433734939759	-0.04133749213041433
b02			0.4240915208613728	0.7768433734939759	-0.04378222143361421
idarubicin			0.4226244952893674	0.7768433734939759	-0.04484485293308748
at-406			0.4223822341857335	0.7768433734939759	-0.044960636221251175
omacetaxine mepesuccinate			0.42234185733512786	0.7768433734939759	-0.04502510307521981
mst-312			0.4218977119784657	0.7768433734939759	-0.045233577533320954
brd-k30748066			0.4204441453566622	0.7768433734939759	-0.0460501838344134
cytochalasin b			0.41860026917900406	0.7768433734939759	-0.047273562495450505
ex-527			0.41582772543741586	0.7762814070351759	-0.048997289131842814
mk-0752			0.41358008075370123	0.774030226700252	-0.05057402452170061
ml239			0.41087483176312245	0.7709090909090908	-0.05276021945931427
cx-5461			0.4083445491251682	0.7681012658227847	-0.054159801914076246
gnf-2			0.4065679676985195	0.7667005076142132	-0.05521264588027866
jw-7-52-1			0.40557200538358007	0.7667005076142132	-0.055821456102445224
brivanib			0.4039165545087483	0.7655867346938776	-0.05672072482576137
refametinib			0.4036742934051144	0.7655867346938776	-0.05692468068048349
xmd8-92			0.40339165545087485	0.7655867346938776	-0.0571638290700535
afatinib			0.40156123822341855	0.7655867346938776	-0.058500249193671916
ceranib-2			0.4013728129205922	0.7655867346938776	-0.05868056046521593
bms-270394			0.40115746971736205	0.7655867346938776	-0.05894676086830855
methotrexate			0.39310901749663524	0.756683937823834	-0.06420120987578874
palmostatin b			0.38959623149394346	0.7518701298701298	-0.06647987381845592
cmk			0.3861507402422611	0.7471614583333333	-0.06861270722172795
vismodegib			0.3834185733512786	0.7438120104438642	-0.07051121324365642
c6-ceramide			0.38312247644683717	0.7438120104438642	-0.07067287811609937
brd1835			0.3809555854643338	0.7429133858267716	-0.07221321994228895
brd-k48334597			0.3751951547779273	0.7336052631578946	-0.07600383651907221
ki8751			0.3743472409152086	0.7336052631578946	-0.07651350955151676
xl765			0.3709421265141319	0.7291269841269842	-0.07844457624268351
merck60			0.365814266487214	0.7209549071618038	-0.08136395107965118
gw441756			0.36087483176312246	0.7131117021276595	-0.08451458936114502
idelalisib			0.35969044414535667	0.7126666666666667	-0.08520759863078152
brd-k24690302			0.359300134589502	0.7126666666666667	-0.08536554702367728
brd-k71935468			0.35698519515477795	0.7110991957104559	-0.0867955269291689
sr-ii-138a			0.3546837146702557	0.7084139784946237	-0.0881496620620661
brd-k50799972			0.3537685060565276	0.7084139784946237	-0.08868088258520286
dasatinib			0.3528398384925976	0.7084139784946237	-0.08926462496300212
brd-k86535717			0.35157469717362044	0.7079132791327913	-0.09018491659400509
ly-2157299			0.34986541049798114	0.7063858695652174	-0.09149241258389408
brd-k96970199			0.348492597577389	0.7055313351498638	-0.09226469694986206
brd-k88742110			0.34518169582772545	0.7007377049180329	-0.09414322901223396
brd-a05715709			0.34114401076716017	0.6944383561643835	-0.09619356035195505
cil55			0.3400134589502019	0.6940384615384616	-0.09658325101476152
darinaparsin			0.33510094212651415	0.6858953168044077	-0.09884378380332637
gsk319347a			0.3345895020188425	0.6858953168044077	-0.09926444710100717
skepinone-l			0.33406460296096907	0.6858953168044077	-0.09947695927934828
ski-ii			0.33388963660834453	0.6858953168044077	-0.09956380997303124
zg-10			0.33177658142664873	0.6858953168044077	-0.10074479757911711
hli 373			0.3314266487213997	0.6858953168044077	-0.10089315838574085
ml210			0.32874831763122475	0.6842016806722688	-0.10257309864528709
talazoparib			0.32790040376850604	0.6842016806722688	-0.10301117975921828
hg-5-113-01			0.3252220726783311	0.6806760563380282	-0.10457250651218004
iobenguane			0.32464333781965005	0.6806760563380282	-0.10493228676144423
brd-k09587429			0.32391655450874834	0.6806760563380282	-0.10549060317361689
jw-480			0.32371467025572004	0.6806760563380282	-0.1055675716755599
vinorelbine			0.31960969044414533	0.6765527065527065	-0.10776582973406898
sr1001			0.3191655450874832	0.6765527065527065	-0.10815990973519565
ml006			0.31834454912516824	0.6765527065527065	-0.10883733897944349
qs-11			0.31703903095558544	0.6765527065527065	-0.10984037279333438
tamibarotene			0.3119650067294751	0.6679827089337176	-0.11337995022007988
brd-k14844214			0.31048452220726785	0.6667341040462429	-0.11452275691325806
brd-k97651142			0.3100942126514132	0.6667341040462429	-0.11471109131386542
prima-1-met			0.3077658142664872	0.6647383720930232	-0.11622765208915645
am-580			0.30507402422611035	0.6608454810495626	-0.11781059052475942
brd-k17060750			0.30250336473755046	0.6571929824561403	-0.11922763141961958
cay10618			0.3013728129205922	0.6566568914956012	-0.1199406858109424
nilutamide			0.3008344549125168	0.6566568914956012	-0.120314938521482
brd-k30019337			0.29909825033647375	0.6555457227138644	-0.12132851943984116
dexamethasone			0.2978061911170929	0.6546449704142012	-0.12208932513321206
vnlg/124			0.2975235531628533	0.6546449704142012	-0.12227684608637177
dbeq			0.29537012113055183	0.653154761904762	-0.12373659265709493
gsk1070916			0.2951278600269179	0.653154761904762	-0.12387602085230011
necrostatin-1			0.2900807537012113	0.6452994011976048	-0.12692148731375802
xmd8-85			0.2898250336473755	0.6452994011976048	-0.12716271477061014
nakiterpiosin			0.2889771197846568	0.6452994011976048	-0.12767321694835815
kw-2449			0.28567967698519514	0.6412688821752266	-0.1297198636616728
tg-101348			0.28356662180349934	0.6384545454545455	-0.13118288169862713
pf-4708671			0.28157469717362044	0.6358966565349544	-0.13236980004616497
vx-702			0.2810228802153432	0.6358966565349544	-0.1326769490045851
cisplatin			0.27604306864064604	0.627217125382263	-0.13614155973987258
brd8958			0.27549125168236877	0.627217125382263	-0.1365279502565873
hbx-41108			0.27518169582772545	0.627217125382263	-0.13663932544335008
ko-143			0.27131897711978464	0.6221913580246914	-0.1389507405393099
sb-743921			0.2690040376850606	0.6187925696594427	-0.14039076999809816
unc1215			0.26842530282637955	0.6187925696594427	-0.14063412176871887
ver-155008			0.2683849259757739	0.6187925696594427	-0.14064816641096958
npc-26			0.26473755047106323	0.6146874999999999	-0.1427673111205388
cd-1530			0.2635127860026918	0.6137617554858934	-0.14340106297265853
wp1130			0.2633378196500673	0.6137617554858934	-0.14353184186564258
azd6244			0.26243606998654107	0.6137617554858934	-0.1440043639652232
pf-750			0.26052489905787346	0.6125632911392405	-0.1453583751250834
brefeldin a			0.2604845222072678	0.6125632911392405	-0.14539042358472956
brd-k96431673			0.26036339165545086	0.6125632911392405	-0.14547868574112896
sch-529074			0.25967698519515475	0.6125632911392405	-0.14577718923522218
obatoclax mesylate			0.25808882907133246	0.6125632911392405	-0.14691556472866624
triazolothiadiazine			0.2573485868102288	0.6125632911392405	-0.14760719852005777
doramapimod			0.25681022880215343	0.6125632911392405	-0.1479414506134059
sitagliptin			0.25370121130551815	0.610032362459547	-0.15015200058863623
pd 153035			0.25353970390309555	0.610032362459547	-0.15025413376151023
tipifarnib-p1			0.25020188425302825	0.6055374592833876	-0.15254115996092107
pd0325901			0.2489771197846568	0.6045424836601307	-0.15361106808344177
brd-k71781559			0.24768506056527592	0.6033770491803279	-0.15460325109389858
brd-k34485477			0.24576043068640646	0.6006578947368422	-0.15593094913846126
gdc-0941			0.2437550471063257	0.5977227722772277	-0.15774987611802332
carmofur			0.24125168236877523	0.5935430463576159	-0.1594449611650633
srt-1720			0.24045760430686405	0.5935430463576159	-0.1601562813234633
mg-132			0.240349932705249	0.5935430463576159	-0.16023462980135564
qw-bi-011			0.23920592193808882	0.5935430463576159	-0.16119206050889148
brd-a02303741			0.23703903095558546	0.591006711409396	-0.16255525537046114
sgc0946			0.23624495289367428	0.591006711409396	-0.16325617047616942
azd7545			0.2350471063257066	0.59	-0.16403923809988594
pf-184			0.23500672947510093	0.59	-0.16409725284876037
cetuximab			0.23421265141318978	0.59	-0.16471320767250688
hg6-64-1			0.2332436069986541	0.59	-0.16527805425768236
bafilomycin a1			0.2321534320323015	0.59	-0.1659072132814545
cyanoquinoline 11			0.2311036339165545	0.59	-0.16654332550465278
brd-k19103580			0.23083445491251683	0.59	-0.16670510712328723
brd6340			0.22960969044414536	0.59	-0.1678166236516007
pifithrin-mu			0.22818304172274562	0.5886805555555555	-0.16892963400197644
cs-1657			0.2272678331090175	0.5883623693379791	-0.16976004450760335
vaf-347			0.22722745625841184	0.5883623693379791	-0.16978217893526032
fh535			0.2270255720053836	0.5883623693379791	-0.1699374590478474
avicin d			0.2230013458950202	0.5834154929577464	-0.17271813985285883
saracatinib			0.22090174966352624	0.5799646643109541	-0.1741059748591226
pandacostat			0.22013458950201883	0.5799646643109541	-0.17471059301919672
fingolimod			0.21952893674293406	0.5799646643109541	-0.17496064579652987
gsk461364			0.21882907133243606	0.5799646643109541	-0.17533205509044708
rucaparib			0.2185598923283984	0.5799646643109541	-0.17539666681590427
ml334 diastereomer			0.21815612382234187	0.5799646643109541	-0.1756457027714468
bi-2536			0.21783310901749664	0.5799646643109541	-0.17600587007174157
tipifarnib-p2			0.21773889636608346	0.5799646643109541	-0.17609126517444315
jq12			0.21090174966352623	0.5698181818181818	-0.18059032669389746
fmk			0.2100672947510094	0.5696350364963503	-0.18121406774902665
tigecycline			0.208721399730821	0.5680586080586081	-0.1822249709228328
fluvastatin			0.20816958277254374	0.5680586080586081	-0.18256994827107015
mi-1			0.20710632570659487	0.5678228782287822	-0.18324061219310844
aa-cocf3			0.2055585464333782	0.5656666666666668	-0.1843846153506613
cil56			0.2052086137281292	0.5656666666666668	-0.1847631680302622
leptomycin b			0.20360699865410498	0.5644776119402986	-0.18604512249926108
dabrafenib			0.20254374158815613	0.5636329588014982	-0.18678802191678412
brd-k99006945			0.20232839838492597	0.5636329588014982	-0.18700809774468982
col-3			0.2020726783310902	0.5636329588014982	-0.18713079316955566
cr-1-31b			0.2017900403768506	0.5636329588014982	-0.18724829070239654
hg-5-88-01			0.20013458950201884	0.5636329588014982	-0.188382318172758
repligen 136			0.19994616419919245	0.5636329588014982	-0.188547449862729
a-770041			0.19971736204576043	0.5636329588014982	-0.18865581549215163
bexarotene			0.1983849259757739	0.5636329588014982	-0.18965712423173173
ci-976			0.19742934051144012	0.5636329588014982	-0.1902716393380955
hc-067047			0.19406460296096906	0.5588759689922481	-0.19302750808114322
brd-k51490254			0.1907806191117093	0.551556420233463	-0.19562672011775728
16-beta-bromoandrosterone			0.18912516823687753	0.54890625	-0.19686072769240376
palbociclib			0.18561238223418575	0.5408235294117648	-0.19986339213737855
brd-k84807411			0.18549125168236877	0.5408235294117648	-0.1999609737119809
tak-715			0.18535666218034993	0.5408235294117648	-0.20006308754148236
nvp-bsk805			0.18473755047106324	0.5408235294117648	-0.20045757025888078
mk-2206			0.1798250336473755	0.5323107569721116	-0.20453264849524067
pifithrin-alpha			0.17903095558546434	0.53208	-0.20500266727317998
lbh-589			0.17903095558546434	0.53208	-0.20502038086952476
kx2-391			0.1782772543741588	0.53208	-0.20568688349957148
brd-k27224038			0.17816958277254374	0.53208	-0.20587564372529993
brd-k41597374			0.175814266487214	0.5310162601626016	-0.20788222426530747
lomeguatrib			0.17558546433378197	0.5310162601626016	-0.20809284438573433
pf-4800567 hydrochloride			0.17446837146702557	0.5310162601626016	-0.2088521821028895
brd8899			0.1734320323014805	0.5302880658436214	-0.20956449653316211
brd-k34222889			0.17277254374158815	0.5302880658436214	-0.21005769074088407
pazopanib			0.1720457604306864	0.5302880658436214	-0.2106492446545711
sch-79797			0.1718842530282638	0.5302880658436214	-0.2106757167851484
compound 1b			0.1714535666218035	0.5302880658436214	-0.21091640921322438
brd-k02251932			0.17142664872139973	0.5302880658436214	-0.2110245722300163
myricetin			0.17013458950201885	0.5302880658436214	-0.21192018609751276
erastin			0.1694751009421265	0.5302880658436214	-0.21241525378609882
iu1			0.16935397039030956	0.5302880658436214	-0.21251287938117835
bendamustine			0.16799461641991925	0.5302880658436214	-0.21366045034390024
fti-277			0.1670255720053836	0.5302880658436214	-0.21441555256835237
brd-k70511574			0.1641049798115747	0.5255603448275862	-0.21663330639617362
nsc 74859			0.16394347240915208	0.5255603448275862	-0.21680954361591928
compound 23 citrate			0.16063257065948855	0.5189130434782608	-0.21956971123690827
azd6482			0.15873485868102288	0.5150218340611353	-0.22118309148684204
brd-k48477130			0.15784656796769853	0.5143859649122807	-0.22196179931309384
blebbistatin			0.15757738896366083	0.5143859649122807	-0.22221951437930101
o-6-benzylguanine			0.15738896366083446	0.5143859649122807	-0.2224826311688238
decitabine			0.15681022880215342	0.5143859649122807	-0.2229238032453197
brd-k34099515			0.15664872139973082	0.5143859649122807	-0.2231272123602151
brd-k11533227			0.1557335127860027	0.5143859649122807	-0.22389575089992603
cct007093			0.15523553162853299	0.5143859649122807	-0.22437747110867445
fludarabine			0.15502018842530282	0.5143859649122807	-0.22475819707184935
indisulam			0.15382234185733512	0.5143859649122807	-0.22582179061527055
raloxifene			0.1473485868102288	0.49990867579908677	-0.2308152442241393
wh-4-023			0.14457604306864064	0.49275229357798167	-0.2335634034981
cay10594			0.14380888290713326	0.4923963133640553	-0.23443378519627567
vorapaxar			0.14378196500672946	0.4923963133640553	-0.23447792775913787
pha-665752			0.14243606998654104	0.4922325581395348	-0.23574340135772276
cabozantinib			0.14201884253028263	0.4922325581395348	-0.23608482002540773
cyclopamine			0.13995962314939434	0.48821596244131454	-0.23802981257977165
pd173074			0.1394751009421265	0.48821596244131454	-0.23864794313906515
ku 0060648			0.13834454912516825	0.4871563981042655	-0.23981155164046672
shikonin			0.13792732166890984	0.4871563981042655	-0.24047603140063273
everolimus			0.13736204576043068	0.4871563981042655	-0.24089311189429544
epothilone b			0.13681022880215343	0.4871563981042655	-0.24145001368088695
bms-509744			0.13644683714670255	0.4871563981042655	-0.24179737392810846
azd7762			0.13493943472409153	0.48669902912621366	-0.24338823337558468
zstk474			0.13437415881561238	0.48669902912621366	-0.24379058979600315
unc0321			0.13432032301480484	0.48669902912621366	-0.24392416709469114
sb52334			0.13208613728129207	0.483448275862069	-0.2465950806080574
parbendazole			0.12959623149394348	0.47668316831683166	-0.24897403354784983
isoevodiamine			0.1286406460296097	0.47552238805970154	-0.24974981801317603
compound 7d-cis			0.12816958277254376	0.47552238805970154	-0.2502135998842217
3-cl-ahpc			0.12710632570659489	0.47457286432160806	-0.2511257650838709
azd8055			0.127092866756393	0.47457286432160806	-0.2511303346486884
trametinib			0.12655450874831764	0.47457286432160806	-0.2518652833291749
chm-1			0.12652759084791387	0.47457286432160806	-0.2519098671322201
alvocidib			0.12646029609690443	0.47457286432160806	-0.2520133997237166
neuronal differentiation inducer iii			0.12510094212651413	0.47457286432160806	-0.2534507092637828
brd-k04800985			0.12493943472409152	0.47457286432160806	-0.2536448059889037
nintedanib			0.12480484522207268	0.47457286432160806	-0.253901963211665
rtrail			0.12462987886944818	0.47457286432160806	-0.2541184224615482
ku-55933			0.12370121130551817	0.47457286432160806	-0.25523109092927254
cct-018159			0.12292059219380888	0.47457286432160806	-0.2562610157083165
yk 4-279			0.12057873485868102	0.47457286432160806	-0.25889966513584006
phenformin			0.1198384925975774	0.47457286432160806	-0.2597800705363787
brd-k61166597			0.11874831763122476	0.47435483870967743	-0.26053822553380973
a-443654			0.11819650067294751	0.47435483870967743	-0.26121756352093917
nu7441			0.11790040376850605	0.47435483870967743	-0.26163110035893805
lestauritinib			0.11656796769851951	0.47327868852459015	-0.26313845335020536
ql-viii-58			0.11549125168236878	0.4714835164835165	-0.26436183823651516
cd-437			0.11458950201884253	0.47038674033149175	-0.26535891184003096
pfi-1			0.1142664872139973	0.47038674033149175	-0.2657779668810026
azd0530			0.11294751009421265	0.46882681564245815	-0.2672965672039828
raf265			0.11166890982503365	0.466123595505618	-0.26920772795077186
tgx-221			0.11002691790040377	0.461864406779661	-0.27122014488200435
chir-99021			0.10955585464333782	0.461864406779661	-0.2715161702382337
sb-225002			0.10912516823687753	0.461864406779661	-0.2721825007612058
nutlin-3			0.1071870794078062	0.45770114942528733	-0.2742738134705797
granisetron			0.10588156123822341	0.45473988439306356	-0.27565590758133074
apicidin			0.10450874831763123	0.45145348837209304	-0.2772688647037702
gw-843682x			0.10366083445491252	0.4504093567251462	-0.2781625137212985
nsc-87877			0.10304172274562584	0.45035294117647057	-0.2789974471746039
pevonedistat			0.10297442799461642	0.45035294117647057	-0.2791192970176348
isox			0.10165545087483176	0.44958333333333333	-0.28035731501642863
jq1			0.10131897711978466	0.44958333333333333	-0.28086464353410134
gant-61			0.09939434724091521	0.4448795180722892	-0.2828716737187171
nvp-adw742			0.09864064602960969	0.4441818181818182	-0.2840641653800672
selisistat			0.0985464333781965	0.4441818181818182	-0.2841517067541943
rg-108			0.09651413189771198	0.4399386503067485	-0.28670758673080765
fqi-2			0.09481830417227456	0.43487654320987656	-0.28868951813209337
obatoclax			0.09374158815612382	0.4326086956521739	-0.29000755795052097
brd-k01737880			0.09261103633916555	0.4300625	-0.2913088095697577
brd-k75293299			0.09090174966352625	0.4247798742138365	-0.29384187502019815
salermide			0.09034993270524899	0.4247798742138365	-0.29481325527068003
brd-k16147474			0.08903095558546434	0.4213375796178344	-0.2971859931794502
ro-3306			0.08847913862718708	0.4213375796178344	-0.29797690023617907
17-aag			0.08839838492597578	0.4213375796178344	-0.29810207650892584
xmd11-85h			0.08825033647375505	0.4213375796178344	-0.29835710338865434
ci-1040			0.08800807537012113	0.4213375796178344	-0.29872919495641964
brd1812			0.08787348586810229	0.4213375796178344	-0.2990365016024409
lenvatinib			0.08775235531628534	0.4213375796178344	-0.299076214202411
mi-2			0.08744279946164199	0.4213375796178344	-0.29957810594502793
nvp-tae684			0.08647375504710633	0.4213375796178344	-0.3009139948263043
wz-1-84			0.0818842530282638	0.4110810810810811	-0.30720607359330915
sb590885			0.08164199192462988	0.4110810810810811	-0.3074461751944016
brd-k27986637			0.08130551816958277	0.4110810810810811	-0.3078650018238272
brd4132			0.08115746971736204	0.4110810810810811	-0.3080895660081574
brd-a71883111			0.08084791386271871	0.4110810810810811	-0.3085858634763021
cyclophosphamide			0.08032301480484522	0.4110810810810811	-0.3093020570565427
avagacestat			0.07959623149394347	0.4110810810810811	-0.31044036850919965
mitomycin			0.07857335127860027	0.4110810810810811	-0.31167110069883164
zd-6474			0.07767160161507403	0.4110810810810811	-0.3130101167151872
rapamycin			0.0772678331090175	0.4110810810810811	-0.3135461407244547
ml258			0.07725437415881561	0.4110810810810811	-0.313567009548778
(5z)-7-oxozeaenol			0.07637954239569314	0.4110810810810811	-0.31473801462853745
gw-2580			0.07519515477792732	0.4108088235294118	-0.3160152932181169
jw-55			0.0743606998654105	0.40925925925925927	-0.31747386244752024
cgp-082996			0.07387617765814267	0.40925925925925927	-0.3184970683035842
tki258			0.07261103633916555	0.4056390977443609	-0.320289072074726
amsacrine			0.06907133243606998	0.38878787878787874	-0.3262647081916353
wz8040			0.06668909825033648	0.3782442748091603	-0.32949703097533845
canertinib			0.06561238223418574	0.37500000000000006	-0.33106947872837467
nsc95397			0.06539703903095559	0.37500000000000006	-0.33143633045390297
amuvatinib			0.06475100942126515	0.37500000000000006	-0.3323621333572613
brd-k52037352			0.06372812920592194	0.37283464566929136	-0.3343575956223182
seliciclib			0.06355316285329744	0.37283464566929136	-0.3346297278488093
dactolisib			0.06261103633916555	0.37216000000000005	-0.3361227822436774
brd-k02492147			0.06169582772543741	0.3696774193548387	-0.3376655080603097
staurosporine			0.060713324360699865	0.3667479674796748	-0.3392702763064328
sirolimus			0.06065948855989233	0.3667479674796748	-0.33935807085496456
bibr-1532			0.05952893674293405	0.3655371900826446	-0.34125827791043195
serdemetan			0.059407806191117095	0.3655371900826446	-0.34151928283330796
gsk-3 inhibitor ix			0.059259757738896364	0.3655371900826446	-0.34187904161795857
pd318088			0.059219380888290714	0.3655371900826446	-0.34189440267088306
968			0.05553162853297443	0.35264957264957264	-0.34847737324074946
azd-8055			0.05531628532974428	0.35264957264957264	-0.3490197228670685
gsk1904529a			0.05440107671601615	0.3514782608695652	-0.3507492632372962
brd-a94377914			0.05432032301480485	0.3514782608695652	-0.35079450939040374
belinostat			0.05345895020188425	0.3514782608695652	-0.352043390453563
fluorouracil			0.05320323014804845	0.3514782608695652	-0.3526343274128031
dacarbazine			0.052220726783310904	0.34954954954954953	-0.35495267843987166
raltitrexed			0.051763122476446835	0.34954954954954953	-0.3561105536357887
dactinomycin			0.050861372812920594	0.3466972477064221	-0.3582996140986169
pdmp			0.0507671601615074	0.3466972477064221	-0.3584740068510716
ku-60019			0.05053835800807537	0.3466972477064221	-0.359054709914332
selumetinib			0.04998654104979811	0.3466972477064221	-0.3604074903111547
fsc231			0.04884253028263796	0.3456190476190476	-0.3627479489326667
ciclosporin			0.04882907133243607	0.3456190476190476	-0.36276175172128144
pelitinib			0.04881561238223418	0.3456190476190476	-0.3627883164094067
brd-k28456706			0.048654104979811576	0.3456190476190476	-0.3631071427440675
jnj-26854165			0.04858681022880215	0.3456190476190476	-0.3632414496560593
qs11			0.0478600269179004	0.3456190476190476	-0.3648842247412224
sl0101			0.0469179004037685	0.3456190476190476	-0.3672740689800328
olaparib			0.04611036339165545	0.3456190476190476	-0.36921535794961235
tamoxifen			0.04537012113055182	0.3456190476190476	-0.37123579642327387
brd-k44224150			0.043755047106325703	0.3386458333333333	-0.3750016451263329
sorafenib			0.04371467025572005	0.3386458333333333	-0.3750648248866775
pf-562271			0.043216689098250334	0.3386458333333333	-0.3762882834308274
pyrimethamine			0.04293405114401077	0.3386458333333333	-0.37714215038660553
sb216763			0.04242261103633917	0.3386458333333333	-0.37842661232176555
eht-1864			0.04121130551816958	0.3364835164835165	-0.3810386468506146
ml312			0.03993270524899058	0.32966666666666666	-0.38460590514351584
silmitasertib			0.03962314939434724	0.32966666666666666	-0.3854561859874835
az628			0.03930013458950202	0.32966666666666666	-0.3863108520402808
megestrol			0.03919246298788694	0.32966666666666666	-0.3864805636960578
ciclopirox			0.03860026917900404	0.32966666666666666	-0.3877762298276358
brd-k85133207			0.037981157469717364	0.32966666666666666	-0.39002497791555013
brd-k80183349			0.037711978465679676	0.32966666666666666	-0.3908884665183861
daunorubicin			0.03716016150740242	0.32966666666666666	-0.39232572941027566
gsk650394			0.03641991924629879	0.32966666666666666	-0.3945932016538479
phloretin			0.036406460296096906	0.32966666666666666	-0.39465441310783284
elcpk			0.03519515477792732	0.32687499999999997	-0.3983450981740191
tamatinib			0.03519515477792732	0.32687499999999997	-0.3983519264658029
ac55649			0.03462987886944818	0.32687499999999997	-0.39972869093855845
yk-4-279			0.03398384925975774	0.32687499999999997	-0.4014589722066679
pyrazolanthrone			0.032705248990578736	0.3197368421052632	-0.4044978334742458
abt-199			0.032570659488559896	0.3197368421052632	-0.4047464033378051
as601245			0.031103633916554508	0.31229729729729727	-0.40964595515048596
681640			0.030080753701211306	0.3061643835616438	-0.41251432366269514
crizotinib			0.029757738896366084	0.3061643835616438	-0.4134553368995777
i-bet151			0.026029609690444145	0.2723943661971831	-0.42687821780601004
compound 1541a			0.025868102288021534	0.2723943661971831	-0.4276277166450682
sildenafil			0.02573351278600269	0.2723943661971831	-0.4280707596780318
bryostatin 1			0.025639300134589503	0.2723943661971831	-0.42825912835780977
brd-k66453893			0.02475100942126514	0.2723943661971831	-0.43185805660099097
bcl-lzh-4			0.02468371467025572	0.2723943661971831	-0.4320890538520928
luminespib			0.02414535666218035	0.2723943661971831	-0.4350787050424521
su11274			0.02370121130551817	0.2723943661971831	-0.4368010061939734
brd9876			0.023660834454912516	0.2723943661971831	-0.4369975352086459
lapatinib			0.02325706594885599	0.2723943661971831	-0.4392223585860114
neratinib			0.02283983849259758	0.2723943661971831	-0.44087821488768414
le-135			0.022220726783310902	0.2723943661971831	-0.4435200618634938
chlorambucil			0.021278600269179004	0.26796610169491525	-0.44736788669067357
stemregenin 1			0.020955585464333782	0.26796610169491525	-0.44839163578715585
bms-195614			0.020686406460296097	0.26796610169491525	-0.4493275587039854
pyr-41			0.02060565275908479	0.26796610169491525	-0.44957351969320974
pf-573228			0.02030955585464334	0.26796610169491525	-0.4508786715984163
pidorubicine			0.019569313593539705	0.26796610169491525	-0.45442473198829747
temsirolimus			0.019488559892328398	0.26796610169491525	-0.45466697764332387
mgcd-265			0.01866756393001346	0.26673076923076927	-0.4585540058388216
gw-405833			0.018021534320323013	0.2625490196078431	-0.46155415173771946
pirarubicin			0.017967698519515476	0.2625490196078431	-0.4620164254473457
metformin			0.017227456258411843	0.2612244897959184	-0.4649660705587692
entinostat			0.016339165545087485	0.2529166666666667	-0.4699282729174997
betulinic acid			0.015679676985195155	0.24787234042553188	-0.4732603695942631
gefitinib			0.014158815612382233	0.22869565217391305	-0.4832216045439575
austocystin d			0.013741588156123823	0.2268888888888889	-0.48634930425955764
momelotinib			0.013189771197846568	0.22272727272727275	-0.4894018925469625
elesclomol			0.012126514131897711	0.20953488372093024	-0.49643695460372095
topotecan			0.011843876177658143	0.20952380952380956	-0.4978580719565276
tanespimycin			0.010242261103633916	0.18560975609756097	-0.5104781856269165
nsc30930			0.009986541049798115	0.1855	-0.5134229347897912
cladribine			0.009502018842530283	0.18102564102564103	-0.5166972877574113
az-3146			0.009380888290713324	0.18102564102564103	-0.5183994150124294
flutamide			0.009165545087483176	0.18102564102564103	-0.5197585887309552
thapsigargin			0.009044414535666219	0.18102564102564103	-0.5205053837226173
nutlin-3a (-)			0.008438761776581427	0.17914285714285716	-0.5253581611714051
gsk269962a			0.007860026917900404	0.17176470588235296	-0.5302405789046204
brd-k13999467			0.007846567967698519	0.17176470588235296	-0.5303346737943708
teniposide			0.007537012113055182	0.17176470588235296	-0.5329140536123034
ml320			0.007200538358008076	0.17176470588235296	-0.5356455915468344
l-685458			0.006796769851951548	0.16833333333333333	-0.5384358679012081
jnk-9l			0.00667563930013459	0.16833333333333333	-0.5403110843510854
tw-37			0.006002691790040377	0.15928571428571428	-0.5463292450623518
gossypol			0.005773889636608345	0.1588888888888889	-0.5502326454922661
ml203			0.005720053835800807	0.1588888888888889	-0.5515363453783082
fqi-1			0.005302826379542396	0.1576	-0.5544642838186421
midostaurin			0.00503364737550471	0.15583333333333332	-0.5588213005801309
vandetanib			0.004966352624495289	0.15583333333333332	-0.5592724157422486
bleomycin			0.004952893674293405	0.15583333333333332	-0.5594989543086449
gemcitabine			0.004279946164199192	0.15142857142857144	-0.568632558406466
bosutinib			0.003674293405114401	0.1365	-0.5793626149992741
zibotentan			0.00360699865410498	0.1365	-0.58051220388431
neopeltolide			0.0035397039030955584	0.1365	-0.5811711580991183
tipifarnib			0.0033243606998654106	0.1365	-0.5844012238532694
as605240			0.003189771197846568	0.1365	-0.5874094329061872
gsk525762a			0.0029340511440107673	0.1365	-0.5939552956340324
necrostatin-7			0.0028398384925975772	0.1365	-0.5955183550098084
embelin			0.002651413189771198	0.1365	-0.5984688684768775
clofarabine			0.002395693135935397	0.1365	-0.6050391015901111
cytarabine hydrochloride			0.0022611036339165546	0.1365	-0.6102501675223787
triptolide			0.002234185733512786	0.1365	-0.6122582840844973
doxorubicin			0.001857335127860027	0.1365	-0.6198208425093537
jq-1			0.0018169582772543742	0.1365	-0.6208360893454364
erlotinib			0.0016823687752355316	0.1365	-0.626570417455497
cytarabine			0.0015208613728129206	0.1365	-0.6319121852563718
floxuridine			0.0011978465679676985	0.1365	-0.6424503653071736
tgx221			0.0009421265141318977	0.1365	-0.6605462016266893
mitoxantrone			0.0005114401076716016	0.12666666666666668	-0.688691478532061
nvp-231			0.00047106325706594885	0.12666666666666668	-0.6985020675981257
zstk-474			0.00010767160161507402	0.08	-0.771914176402334
