Name	Score(0.95 MoE)	0.95 MoE	p-value	FDR	Score
erlotinib		0.03319441067362069	0.0007580357142857142	0.14647142857142859	0.5600905987939783
pyrimethamine		0.03287967018556596	0.001215327380952381	0.14647142857142859	0.5209763640979497
sb216763		0.037953614130501016	0.001375297619047619	0.14647142857142859	0.5170921062684085
qs11		0.037345060984580486	0.0014892857142857143	0.14647142857142859	0.5128767245848092
olaparib		0.05302843757856338	0.0014947916666666666	0.14647142857142859	0.5124317773433243
fh535		0.027083173132075006	0.0015069940476190476	0.14647142857142859	0.5109671530276282
eht-1864		0.03776036493479132	0.0015257440476190477	0.14647142857142859	0.5084699937706865
chir-99021		0.04389166159946168	0.002173065476190476	0.17431333333333332	0.49197354704758606
bleomycin		0.0508058778764164	0.002671130952380952	0.17431333333333332	0.48202662240284244
tgx221		0.04196973332550351	0.0027495535714285716	0.17431333333333332	0.4811245485467013
brd-k71935468			0.003172767857142857	0.17431333333333332	0.4750958005288913
bms-509744			0.0033044642857142856	0.17431333333333332	0.4735386105301575
vinorelbine			0.003609077380952381	0.17431333333333332	0.47024369110197567
azd6482			0.003667410714285714	0.17431333333333332	0.46922026545589834
(5z)-7-oxozeaenol			0.003890922619047619	0.17431333333333332	0.4660044904397358
brd-k14844214			0.004313392857142857	0.17643333333333336	0.46374814251761587
saracatinib			0.0047816964285714286	0.17643333333333336	0.45917424239385723
gsk269962a			0.0047830357142857145	0.17643333333333336	0.45911964210009587
dactolisib			0.005028720238095238	0.17643333333333336	0.4533569772667211
brd-k48477130			0.006001190476190476	0.17643333333333336	0.4347906375634452
xmd11-85h			0.006039434523809524	0.17643333333333336	0.4341950035176865
zibotentan			0.006073809523809524	0.17643333333333336	0.43322738887692386
brd-k52037352			0.006352380952380952	0.17643333333333336	0.4284685882796707
bcl-lzh-4			0.007237648809523809	0.17643333333333336	0.41395629389316846
seliciclib			0.007336458333333334	0.17643333333333336	0.41192885877705754
wh-4-023			0.00734360119047619	0.17643333333333336	0.4117548060287488
tanespimycin			0.007381547619047619	0.17643333333333336	0.4108644560961433
nutlin-3a (-)			0.007546875	0.17643333333333336	0.407446164289885
sl0101			0.00810029761904762	0.17643333333333336	0.400913979389809
midostaurin			0.00823392857142857	0.17643333333333336	0.39966124419730326
jnk-9l			0.008501488095238095	0.17643333333333336	0.3978744831252219
pf-562271			0.008551488095238095	0.17643333333333336	0.3976285468604432
nsc-87877			0.008664136904761905	0.17643333333333336	0.3971632496335408
nu7441			0.009734970238095239	0.19113611111111112	0.39281845470224297
vandetanib			0.01006607142857143	0.19113611111111112	0.39183596776955576
ql-viii-58			0.010239434523809524	0.19113611111111112	0.39072285054052863
tipifarnib			0.010977232142857143	0.19937027027027027	0.38434667493765395
selisistat			0.01159375	0.20502631578947367	0.3788481378997539
gw441756			0.01269330357142857	0.2098531914893617	0.37106506345865264
embelin			0.012947619047619048	0.2098531914893617	0.3688923248078751
as601245			0.013439434523809524	0.2098531914893617	0.3650680239478764
pfi-1			0.013661011904761905	0.2098531914893617	0.3634080069972848
zd-6474			0.013700297619047619	0.2098531914893617	0.3631725426990478
cyclopamine			0.013839732142857143	0.2098531914893617	0.36223467986257446
thapsigargin			0.014383184523809524	0.2098531914893617	0.3588010202160284
avagacestat			0.014612053571428571	0.2098531914893617	0.35741984659163323
selumetinib			0.014677232142857143	0.2098531914893617	0.3569547056751818
a-443654			0.015228571428571428	0.2132	0.35356400323846043
a-770041			0.016606994047619048	0.225364	0.3495037068093148
bosutinib			0.016768154761904762	0.225364	0.3488887070810257
cisplatin			0.019673809523809524	0.2592313725490196	0.3426614396756563
az628			0.020170982142857143	0.26067115384615386	0.34189340982273936
cyclophosphamide			0.020804613095238095	0.2637867924528302	0.3411941314275068
sgc0946			0.021327529761904763	0.26540925925925923	0.3407157453447629
jq1			0.022145238095238096	0.2703464285714286	0.34005342601298166
jw-55			0.022528869047619048	0.2703464285714286	0.3397042432495035
lestauritinib			0.02325089285714286	0.2741157894736842	0.3385756375610677
xmd8-85			0.02426205357142857	0.2805770491803279	0.33672676269297075
sb590885			0.025045535714285715	0.2805770491803279	0.3348344604073259
wz-1-84			0.025136904761904763	0.2805770491803279	0.3346107165305548
brd-k17060750			0.02546904761904762	0.2805770491803279	0.3337469073981987
gsk1904529a			0.028876041666666668	0.3129790322580645	0.32644774653591935
681640			0.02953690476190476	0.31338437500000005	0.3254665441623646
jnk inhibitor viii			0.029846130952380954	0.31338437500000005	0.3250180476388909
bryostatin 1			0.030627678571428573	0.3166430769230769	0.3238734707809828
avicin d			0.03160729166666667	0.321819696969697	0.3223542483667235
betulinic acid			0.037884970238095235	0.37621764705882355	0.3150287169013647
luminespib			0.03806964285714286	0.37621764705882355	0.31485796182345394
zebularine			0.041205059523809526	0.39882999999999996	0.3119711920655373
palbociclib			0.041544791666666664	0.39882999999999996	0.3116534162951479
bleomycin (50 um)			0.04496636904761905	0.42559718309859157	0.3086434848144949
brd-k99006945			0.04590074404761905	0.4284069444444445	0.30793249057119093
rucaparib			0.04969032738095238	0.4523635135135135	0.3048589473981791
gefitinib			0.049813839285714284	0.4523635135135135	0.30474797491674127
cgp-082996			0.054439880952380955	0.48778133333333334	0.30016128349548743
compound 1b			0.05590044642857143	0.48933116883116884	0.29861385678837565
tak-715			0.05606919642857143	0.48933116883116884	0.29845836508716883
dasatinib			0.05851607142857143	0.5041384615384615	0.29597373348042966
dmog			0.05979553571428572	0.508640506329114	0.2946320086008237
gw-2580			0.06368244047619048	0.5349325	0.29064070024884453
shikonin			0.06519791666666666	0.5409012345679012	0.2888924796968408
isonicotinohydroxamic acid			0.06806845238095238	0.557829268292683	0.28525770268737183
nelarabine			0.07278705357142858	0.5832905882352941	0.28007640644858633
brd-k16147474			0.07346473214285715	0.5832905882352941	0.27936772864354315
cct007093			0.07377931547619047	0.5832905882352941	0.2790158438471068
cytochalasin b			0.07700699404761904	0.5957275862068965	0.275147207313343
lfm-a13			0.07712544642857143	0.5957275862068965	0.2749839837556446
rapamycin			0.08010610119047619	0.6006588888888889	0.27082275867191
brd-k34099515			0.08016904761904763	0.6006588888888889	0.27073549175236894
procarbazine			0.0804453869047619	0.6006588888888889	0.27035952672273816
trametinib			0.08269627976190476	0.6079945652173913	0.2672763851561844
pd318088			0.08323735119047619	0.6079945652173913	0.2665624805410305
ku-55933			0.08834880952380952	0.6269903846153846	0.26029766955660927
17-aag			0.09235714285714286	0.6269903846153846	0.25605758698831005
brd-k50799972			0.09239375	0.6269903846153846	0.2560210678755276
afatinib			0.09250089285714286	0.6269903846153846	0.2559095237356262
ko-143			0.0927279761904762	0.6269903846153846	0.25567844066413187
xmd8-92			0.09323809523809524	0.6269903846153846	0.2551691431412051
hg-5-113-01			0.0938077380952381	0.6269903846153846	0.2546004669955016
hg6-64-1			0.09473125	0.6269903846153846	0.25371006725142703
azd0530			0.0960672619047619	0.6269903846153846	0.2525073449063888
fmk			0.09687038690476191	0.6269903846153846	0.2518004502336199
cay10594			0.09697157738095238	0.6269903846153846	0.25171182494800454
doramapimod			0.09703422619047619	0.6269903846153846	0.25166630734472345
pf-4708671			0.0996202380952381	0.6375695238095238	0.24958488675072732
vismodegib			0.10313928571428571	0.6406266055045872	0.2471120340781144
cabozantinib			0.10324255952380952	0.6406266055045872	0.24704156189251816
obatoclax mesylate			0.10387217261904762	0.6406266055045872	0.24662023660736396
vinblastine			0.10391116071428572	0.6406266055045872	0.2465945030466443
brd-k96431673			0.10556056547619047	0.641654954954955	0.24548675855636642
zg-10			0.10598764880952381	0.641654954954955	0.24520677075020722
pha-665752			0.10715178571428571	0.6429107142857143	0.24445262763000114
neratinib			0.11140119047619047	0.6549947826086957	0.24189956852749966
bicalutamide			0.11191830357142857	0.6549947826086957	0.2416139244824195
ly-2157299			0.11208988095238095	0.6549947826086957	0.24151723255537982
tg-101348			0.11521785714285715	0.6674689655172414	0.23988260051243226
ro-3306			0.12292857142857143	0.7060512820512821	0.23614247225581822
brd-k27224038			0.12438839285714286	0.7083813559322034	0.23543265283580542
cct-018159			0.1294559523809524	0.7310453781512606	0.23306675603727625
sildenafil			0.1317672619047619	0.7378966666666666	0.23198545257752545
cytarabine			0.13875267857142856	0.7681057377049181	0.2288125851031284
ver-155008			0.13944776785714286	0.7681057377049181	0.22847346568626486
tozasertib			0.14266517857142857	0.7794390243902439	0.22686996251201055
pictilisib			0.1443293154761905	0.7816232	0.2259576711313943
myriocin			0.14539122023809523	0.7816232	0.225339437772064
brd-k27986637			0.15615654761904763	0.8285992125984253	0.21845960601545708
gemcitabine			0.1565953869047619	0.8285992125984253	0.21814638641632544
gsk650394			0.16114285714285714	0.8460000000000001	0.21493588605403163
pazopanib			0.1627907738095238	0.8480263565891473	0.21383970060514762
pelitinib			0.16738095238095238	0.8652307692307692	0.2106146800894631
jq12			0.17091458333333334	0.8767526717557252	0.20814695073454234
bix02189			0.172284375	0.8770840909090909	0.2072412162236906
lapatinib			0.17416755952380952	0.8800045112781956	0.2059870938578961
npc-26			0.17672276785714286	0.8808474074074074	0.20434691042967068
fr-180204			0.17695595238095238	0.8808474074074074	0.2041979982773686
mi-1			0.17839791666666666	0.8814955882352941	0.203302841191377
epothilone b			0.1839470238095238	0.9011768115942029	0.19998984635183412
brd-k84807411			0.18506309523809525	0.9011768115942029	0.1993420886559894
sn-38			0.18991770833333332	0.9138156028368793	0.19643238272667035
akt inhibitor viii			0.19096160714285715	0.9138156028368793	0.19581473464137691
brd-k09587429			0.19173809523809524	0.9138156028368793	0.19535314606794843
pevonedistat			0.19314300595238096	0.9140288732394366	0.1944900769514768
brd-k42260513			0.19622544642857143	0.9142041379310344	0.19272004499487655
azacitidine			0.1964389880952381	0.9142041379310344	0.19259878623980245
ciclosporin			0.19726130952380952	0.9142041379310344	0.19212289901113977
unc1215			0.20002946428571428	0.9173768707482993	0.19061749176885706
ml320			0.20067619047619048	0.9173768707482993	0.19026944930347697
refametinib			0.20817857142857144	0.9452432432432433	0.18650574963652894
yk-4-279			0.20986339285714287	0.9464979865771813	0.18569616235682518
ml083			0.21506681547619047	0.9634993333333333	0.18316006371995117
pd173074			0.21652098214285714	0.9635900662251655	0.18245660596771532
doxorubicin			0.2206953869047619	0.9757059210526315	0.1804551519404005
lovastatin			0.226334375	0.9940960784313726	0.17778341244519547
ml334 diastereomer			0.2285361607142857	0.9972487012987012	0.17673198472647633
gsk319347a			0.2335733630952381	0.9942832046332045	0.1744059517620482
brd-k02251932			0.23636369047619046	0.992579497098646	0.17318643430990263
brd-k86535717			0.23648154761904763	0.992579497098646	0.17313616063910953
cbb-1007			0.2376092261904762	0.992579497098646	0.17265748567279862
cil55			0.23950089285714285	0.992579497098646	0.17187271920457395
nvp-tae684			0.24219568452380952	0.992579497098646	0.17076664803662753
wz8040			0.2434346726190476	0.992579497098646	0.17025747659756488
sr1001			0.24967782738095237	0.9867250489236792	0.16771435414764785
erismodegib			0.25284598214285714	0.9844852941176471	0.16646115902474487
ci-1040			0.2536907738095238	0.9844852941176471	0.16614581522706384
brd4132			0.2583267857142857	0.9811110236220473	0.16442499651531964
tgx-221			0.2593901785714286	0.9811110236220473	0.16403430722545967
sb-431542			0.26060386904761906	0.9811110236220473	0.16360217099352678
vnlg/124			0.2679715773809524	0.9741051485148515	0.1611735937925306
semagacestat			0.2684441964285714	0.9741051485148515	0.16102696103446784
ml312			0.27663497023809525	0.9664041749502982	0.15863090523117693
talazoparib			0.27679791666666664	0.9664041749502982	0.15858088948484209
staurosporine			0.28985610119047617	0.9525283433133732	0.15510858412219924
pd0325901			0.3021188988095238	0.9379522	0.15208989014624932
elesclomol			0.30388184523809525	0.9374577154308616	0.15162197486675455
azd6244			0.31190044642857145	0.9285198795180722	0.1494782186554923
brd-k41334119			0.31426175595238093	0.9271953722334004	0.1487506456712147
cid-5951923			0.3185608630952381	0.9232401209677419	0.14724982351758198
fumonisin b1			0.32326190476190475	0.9187232323232323	0.14541073987795827
gnf-2			0.32502425595238094	0.9181856275303644	0.1446586840813784
brd-k44224150			0.32621041666666667	0.9181856275303644	0.14414743729687035
prima-1-met			0.3355657738095238	0.907519918699187	0.13972202314749235
l-685458			0.3385467261904762	0.9052883910386965	0.13822029613845213
austocystin d			0.34153630952380953	0.903035918367347	0.13673844682129146
cgp-60474			0.3469077380952381	0.8975010224948875	0.1343274255557582
brd-k48334597			0.348230505952381	0.8975010224948875	0.13376061851792287
salubrinal			0.34984404761904764	0.897135112936345	0.13307082073450416
jw-7-52-1			0.3539485119047619	0.8933057613168723	0.1312901976864159
gw843682x			0.35527440476190475	0.8933057613168723	0.1307094354978468
etomoxir			0.3579453869047619	0.8914477272727274	0.12951025700378616
neopeltolide			0.35953675595238094	0.8910792960662526	0.12877602263457566
ml203			0.3597778273809524	0.8910792960662526	0.12866230500033912
z-llnle-cho			0.3632278273809524	0.8896276507276507	0.12706427075866286
as605240			0.36392083333333336	0.8896276507276507	0.12675232216774812
way-362450			0.3708296130952381	0.8826774530271398	0.12332960246993237
enzastaurin			0.3744337797619048	0.8794571129707113	0.12146068979043408
brd-k75293299			0.37526636904761906	0.8794571129707113	0.12103326828025272
momelotinib			0.37614107142857145	0.8794571129707113	0.1205899981376185
xav939			0.3768863095238095	0.8794571129707113	0.12021942676790194
brd-k04800985			0.38752916666666665	0.8683130801687763	0.11516623058014253
cmk			0.38823958333333336	0.8683130801687763	0.11482744570859878
brd-k71781559			0.39578705357142857	0.8602353813559321	0.11111755663123117
gdc-0879			0.39905535714285717	0.8573987261146497	0.10933019155142977
fti-277			0.4034761904761905	0.8529021276595746	0.10672494801845343
gsk-3 inhibitor ix			0.4094714285714286	0.8461304904051172	0.10285241745225811
nintedanib			0.41535610119047617	0.8394886752136753	0.09870487018917752
gsk4112			0.4158796130952381	0.8394886752136753	0.09831111180002934
whi-p97			0.41830267857142855	0.8388424892703863	0.09651907007879583
s-trityl-l-cysteine			0.41875580357142855	0.8388424892703863	0.0961869081098071
bay-61-3606			0.42779761904761904	0.8287068965517241	0.08915146099638452
osu-03012			0.4282714285714286	0.8287068965517241	0.08877952923673543
teniposide			0.4346607142857143	0.8223116883116883	0.08374832837401354
968			0.4366558035714286	0.821187201735358	0.08229323500236689
simvastatin			0.437578125	0.821187201735358	0.08162084840954355
abt-199			0.4401776785714286	0.8196091503267974	0.0797821211729031
brd-k94991378			0.44662886904761906	0.8119331877729258	0.07561134873775177
dabrafenib			0.44984434523809524	0.8089816192560174	0.07336584327578977
brd-k96970199			0.4528002976190476	0.8063995614035088	0.0708915310084159
wiki4			0.4547308035714286	0.8053206593406592	0.06912592774960535
bx796			0.4601854166666667	0.7990207048458149	0.06377117991268588
lenalidomide			0.4651565476190476	0.7934101545253863	0.0595116737623532
fsc231			0.4672532738095238	0.7920482300884955	0.05793893977116044
brd-k13999467			0.4835747023809524	0.7694851441241686	0.04594268446965503
vu0155056			0.4865141369047619	0.7668055555555556	0.043271984348540515
canertinib			0.48887395833333336	0.7649815144766147	0.04043307422943301
kin001-244			0.49028214285714283	0.7645767857142857	0.03829205834584252
tw 37			0.49224464285714287	0.7633369127516779	0.034889300601537325
aa-cocf3			0.49242053571428573	0.7633369127516779	0.03458374468856243
o-6-benzylguanine			0.49404419642857145	0.7633369127516779	0.03170611951476449
plx-4720			0.4993467261904762	0.7557680180180181	0.020962365539489006
brd-k19103580			0.4960516369047619	0.7524756207674943	0.008714310084233831
brd-k85133207			0.4760373511904762	0.7237490950226244	-0.041715373579904826
ku-60019			0.4757848214285714	0.7237490950226244	-0.04196740676015145
azd7545			0.4691886904761905	0.7165790909090909	-0.04830667016914623
kin001-236			0.46882247023809526	0.7165790909090909	-0.04862633635072052
trifluoperazine			0.4683953869047619	0.7165790909090909	-0.04901755197730675
hg-5-88-01			0.4638552083333333	0.7132967963386727	-0.05298448949395842
sch-529074			0.46085	0.7103009174311926	-0.05540033687435509
pd 153035			0.45867767857142855	0.7085779310344827	-0.05711176663529776
tki258			0.45581175595238094	0.7057730414746544	-0.05920636637708197
elcpk			0.4523590773809524	0.7020445727482678	-0.062279864510084576
mln2238			0.45108005952380953	0.7016800925925926	-0.06357838202781992
a-804598			0.44346145833333334	0.6914294663573085	-0.07113922631763736
bec			0.4353245535714286	0.6803211627906978	-0.07755485229498542
bms-195614			0.4350654761904762	0.6803211627906978	-0.07772943500303683
ml258			0.4350364583333333	0.6803211627906978	-0.07774917123600987
dacarbazine			0.43454747023809526	0.6803211627906978	-0.07809078690643437
pd-0325901			0.43019345238095236	0.6786150234741783	-0.08141359005244608
ruxolitinib			0.42814107142857144	0.6769665882352942	-0.08304091796140513
gant-61			0.4199766369047619	0.6656233490566038	-0.08977080324464988
dexamethasone			0.4095563988095238	0.6506427895981088	-0.0978838265773542
ac55649			0.4031741071428571	0.642021327014218	-0.10242609676921817
silmitasertib			0.4025672619047619	0.642021327014218	-0.10284688801712175
vaf-347			0.40027633928571427	0.6404421428571428	-0.10435652303204622
brd-k01737880			0.39311502976190477	0.6304852028639618	-0.1085995494252201
bexarotene			0.3910358630952381	0.628650956937799	-0.10969514908659021
pyr-41			0.3874813988095238	0.6244304556354916	-0.11141140229788002
brd9647			0.38700178571428573	0.6244304556354916	-0.11161854460794744
bi-2536			0.3776278273809524	0.6114840963855421	-0.11562701719512133
brd-k49290616			0.375315625	0.6092079710144928	-0.11660067920185695
rtrail			0.3742361607142857	0.6089266343825666	-0.11705431809297198
pyrazolanthrone			0.3665130952380952	0.5978077669902911	-0.12039766147994381
ponatinib			0.36426815476190477	0.5955917274939172	-0.12139485359509353
blebbistatin			0.36384955357142856	0.5955917274939172	-0.12158657666946016
triptolide			0.36142053571428573	0.5938254278728607	-0.12268804916981
cetuximab			0.36053630952380955	0.5938245098039217	-0.12309733997191795
fgin-1-27			0.35878898809523807	0.5923985257985258	-0.12391849950538754
idelalisib			0.3587077380952381	0.5923985257985258	-0.1239603812911194
tamatinib			0.357659375	0.5923985257985258	-0.12445098360741498
mgcd-265			0.35652752976190477	0.5923985257985258	-0.12497122648651879
zstk474			0.3502627976190476	0.5840610421836229	-0.1278022043950841
brd-k28456706			0.3493316964285714	0.5839574626865671	-0.1282380087583208
pluripotin			0.3444452380952381	0.5772249376558604	-0.13023713050144353
ci-976			0.34090059523809524	0.572713	-0.13158657763121745
azd4547			0.3401610119047619	0.572713	-0.13187286420927039
brd-k41597374			0.3329026785714286	0.5620869346733668	-0.13459710107917666
sunitinib			0.3311354166666667	0.5605113350125944	-0.13531835112780016
pifithrin-alpha			0.32810357142857144	0.5567818181818182	-0.1366016943492571
nilotinib			0.32595416666666666	0.5545346835443038	-0.13745818808189467
az-3146			0.3221215773809524	0.5494053299492385	-0.1391014614966174
brd-k29086754			0.3210921130952381	0.5490430025445292	-0.1395627499979663
brd-k33199242			0.31923854166666665	0.5472660714285714	-0.14038055776414837
cd-437			0.31537113095238095	0.542018925831202	-0.14202095926447234
ipa-3			0.31075833333333336	0.5354605128205128	-0.14387280504678537
docetaxel			0.3057965773809524	0.5282655526992288	-0.14595408395858928
clofarabine			0.3028950892857143	0.5246018041237114	-0.1470931656161633
bafilomycin a1			0.30166339285714283	0.5238186046511628	-0.14757586933516917
agk-2			0.29916770833333334	0.5208308290155441	-0.14832399493552453
ng-25			0.2921892857142857	0.510003116883117	-0.1501456200327682
nsc95397			0.28528348214285715	0.49924609375	-0.15223236592971967
pf-573228			0.2820488095238095	0.4948741514360313	-0.1531617975203129
mk-2206			0.2770546130952381	0.4873840314136126	-0.15471870920619826
gw-843682x			0.27689002976190474	0.4873840314136126	-0.1547710356250664
omipalisib			0.2730830357142857	0.4829257894736842	-0.15598892834044323
sr8278			0.27291175595238093	0.4829257894736842	-0.15604722548401093
3-cl-ahpc			0.2684061011904762	0.47716640211640216	-0.1575032732812044
brd-k63431240			0.26423511904761904	0.4709973474801061	-0.1588766922499379
unc0321			0.2618254464285714	0.4679433510638298	-0.15967774799703463
cil41			0.2612892857142857	0.4679433510638298	-0.15985803023510253
col-3			0.2612674107142857	0.4679433510638298	-0.15986442111260052
nsc 74859			0.2590328869047619	0.4666758713136729	-0.16063074747557543
lenvatinib			0.2554671130952381	0.46148897849462367	-0.1619212374437795
importazole			0.2546938988095238	0.4613323450134771	-0.16220177118088544
sorafenib			0.2538761904761905	0.461094054054054	-0.16250811537514
c6-ceramide			0.2504294642857143	0.4560666666666666	-0.16379101635608925
vorapaxar			0.2489985119047619	0.45469293478260864	-0.16434347158087848
spautin-1			0.24841145833333333	0.45469293478260864	-0.1645699261489672
brd-k66453893			0.24509761904761904	0.4500153005464481	-0.16590887372672997
abiraterone			0.24434479166666667	0.449862191780822	-0.16621702411597508
pf-543			0.24334568452380953	0.4492535714285715	-0.16662723272438937
ibrutinib			0.2422372023809524	0.44843911845730033	-0.16709465829477033
brd-k97651142			0.24213333333333334	0.44843911845730033	-0.1671373791986848
veliparib			0.24207589285714284	0.44843911845730033	-0.16715833479036313
temozolomide			0.2414311011904762	0.44843911845730033	-0.16742337367128918
azd8055			0.2393825892857143	0.4480922005571031	-0.1682881142234696
brd-k64610608			0.23620431547619047	0.44337793296089384	-0.16966175193545668
brivanib			0.2342501488095238	0.44094145658263306	-0.1705257482999201
brd8899			0.23097276785714285	0.43599353932584267	-0.17198039058223497
birinapant			0.2289860119047619	0.4334608450704225	-0.17285906221667388
brefeldin a			0.2277830357142857	0.4324016949152542	-0.17339901274426975
fluorouracil			0.22756220238095237	0.4324016949152542	-0.1734958056692542
gdc-0941			0.2270561011904762	0.4324016949152542	-0.17372077753109288
kin001-260			0.22654181547619048	0.4324016949152542	-0.17395140327190586
brd-a02303741			0.21962946428571428	0.4216885714285714	-0.1770438672694333
brd-a05715709			0.2191715773809524	0.4216885714285714	-0.17723355050567188
sepantronium bromide			0.21912693452380952	0.4216885714285714	-0.17725526670055305
bibr-1532			0.21888035714285714	0.4216885714285714	-0.17737108539299756
pf-184			0.21703779761904762	0.42153005780346825	-0.17817436699455477
phenformin			0.21700133928571427	0.42153005780346825	-0.17819040671188963
ic-87114			0.2146950892857143	0.4194043604651163	-0.1792156650890218
darinaparsin			0.21118154761904762	0.41374344023323617	-0.1808144800940952
t0901317			0.21021428571428571	0.4130526315789474	-0.18125385734391367
tg-100-115			0.2092311011904762	0.41232639296187684	-0.18170094034310139
camptothecin			0.20787247023809524	0.4108538235294118	-0.18232171498540917
gsk2636771			0.2077483630952381	0.4108538235294118	-0.18237888533659036
phloretin			0.20681815476190477	0.4108538235294118	-0.18281110408848508
bortezomib			0.2065111607142857	0.4108538235294118	-0.18295694536584853
yk 4-279			0.203878125	0.40775625	-0.18418882643796108
brd-k55116708			0.2036876488095238	0.40775625	-0.18427917326473983
at-406			0.20254747023809525	0.40752065868263476	-0.18481574692718739
brd-k34222889			0.2020861607142857	0.40752065868263476	-0.18503846210648553
brd-k02492147			0.201484375	0.40752065868263476	-0.18532548873164675
parbendazole			0.19914107142857143	0.40429848942598184	-0.1864454592260374
mitomycin			0.19480208333333332	0.39668787878787876	-0.18851286029557673
su11274			0.1923075892857143	0.3927984802431611	-0.18972972045302672
brd-k09344309			0.1867797619047619	0.3826707317073171	-0.19255508519547
panobinostat			0.18676934523809524	0.3826707317073171	-0.19256142463602724
sitagliptin			0.18389613095238094	0.3790742331288343	-0.19412447381797723
srt-1720			0.18247127976190478	0.3772944615384616	-0.19492203086381624
xl765			0.1796309523809524	0.3725679012345679	-0.19649028295875381
khs101			0.17733035714285714	0.3689349845201238	-0.19779142392114404
sb-225002			0.17619702380952382	0.36771552795031054	-0.19842626731071192
byl-719			0.17412247023809524	0.3645180685358255	-0.19958245774426386
axitinib			0.1734828869047619	0.36431406250000004	-0.19992468897860793
etoposide			0.17344985119047618	0.36431406250000004	-0.19994673950728956
ispinesib mesylate			0.17319866071428572	0.36431406250000004	-0.20008576611626913
mln2480			0.1706888392857143	0.36183880126182966	-0.20147015740585236
hc-067047			0.17053645833333334	0.36183880126182966	-0.2015468558508797
fqi-2			0.16987872023809525	0.36183880126182966	-0.20189447462277985
gsk1059615			0.16950565476190477	0.36183880126182966	-0.20208147227863726
at-7519			0.16856532738095237	0.36183880126182966	-0.20259250615219643
pf-4800567 hydrochloride			0.16835	0.36183880126182966	-0.20270457718665452
brd1835			0.16614940476190476	0.3590109324758842	-0.203886136595278
necrostatin-1			0.16607113095238096	0.3590109324758842	-0.2039322208392432
cd-1530			0.164471875	0.3576864077669903	-0.20479391398039667
tacrolimus			0.16406994047619047	0.3576864077669903	-0.20502779603035107
salermide			0.16280461309523808	0.3563671009771987	-0.20574495960042682
pdmp			0.1621699404761905	0.35613790849673205	-0.2061060092791505
tigecycline			0.16109389880952382	0.35493475409836067	-0.20675353711963804
brd-k80183349			0.15991532738095238	0.3534970394736842	-0.20747156764703936
at7867			0.15964672619047618	0.3534970394736842	-0.20764269627592447
kx2-391			0.15699657738095238	0.3493433774834437	-0.20930541234447506
sj-172550			0.1567794642857143	0.3493433774834437	-0.20944045715316206
bendamustine			0.154071875	0.34512099999999996	-0.21117096452305878
cil56			0.15337916666666668	0.3447183946488295	-0.2116141251002306
isoliquiritigenin			0.1530077380952381	0.3447183946488295	-0.21185872024968558
tl-1-85			0.15280372023809524	0.3447183946488295	-0.21198953701664489
fluvastatin			0.1523861607142857	0.3447183946488295	-0.21227190630485002
cp466722			0.15169270833333334	0.3447183946488295	-0.21273774962170658
sch-79797			0.15131919642857142	0.3447183946488295	-0.21298472092284537
brd-k11533227			0.15131294642857143	0.3447183946488295	-0.21298937848196633
indisulam			0.14943988095238095	0.34391643835616437	-0.21427968030876052
iox2			0.14894255952380953	0.34391643835616437	-0.21464190757280877
kw-2449			0.14787991071428572	0.34267344827586205	-0.21539309354019542
jw-480			0.14711636904761904	0.3420837370242214	-0.21594965442803013
qw-bi-011			0.14663020833333335	0.3420837370242214	-0.21629642864105264
isoevodiamine			0.14662991071428572	0.3420837370242214	-0.21629661936568778
gsk461364			0.14630044642857143	0.3420837370242214	-0.21653221164631853
gsk429286a			0.14612797619047618	0.3420837370242214	-0.21664694952284477
tw-37			0.14416324404761904	0.341118661971831	-0.21809096128242308
brd-k30019337			0.143646875	0.34109787985865725	-0.2184719141583813
gsk525762a			0.14332991071428572	0.34109787985865725	-0.21869141653804314
n9-isopropylolomoucine			0.14156755952380953	0.33855302491103206	-0.21999949601251773
brd-a71883111			0.1402764880952381	0.33666357142857145	-0.22099726139812248
temsirolimus			0.13951696428571428	0.33604086021505375	-0.22158074366919217
mk-1775			0.1385421130952381	0.33489316546762593	-0.22228768215380731
cp724714			0.13680252976190477	0.33188194945848376	-0.22356573829120288
le-135			0.1357546130952381	0.33053297101449275	-0.22427405483853913
tacedinaline			0.13443050595238096	0.32849927272727275	-0.22516085288954127
tipifarnib-p1			0.1321546130952381	0.3241164233576643	-0.22670923483254482
chm-1			0.1316938988095238	0.3241164233576643	-0.22702142660969424
quizartinib			0.12978333333333333	0.3206411764705882	-0.22832507382115924
qs-11			0.12798125	0.31735571955719555	-0.22954149704258361
rg-108			0.12699791666666665	0.31608370370370364	-0.23023141301146138
obatoclax			0.12495699404761905	0.31216022304832713	-0.23171148160062335
y-39983			0.12494494047619048	0.31216022304832713	-0.23172021437683665
thz-2-49			0.12278452380952382	0.30903071161048695	-0.2333465791134138
ifosfamide			0.12266904761904762	0.30903071161048695	-0.23342361126198086
bax channel blocker			0.12193288690476191	0.30903071161048695	-0.23399097691695048
ki8751			0.12150818452380953	0.30903071161048695	-0.23432943778835635
cil55a			0.12126354166666667	0.30903071161048695	-0.23454220162613024
fqi-1			0.11986011904761905	0.30742748091603056	-0.23568983879780273
nvp-adw742			0.11716785714285714	0.3016735632183908	-0.2378277941445484
cay10576			0.11451785714285714	0.2959846153846154	-0.2398303038401832
brd9876			0.11327098214285715	0.293892277992278	-0.24071760651337634
erastin			0.11209285714285715	0.2919627906976744	-0.24154385904842493
cytarabine hydrochloride			0.11074895833333333	0.28958482490272375	-0.24247468295379385
brd-k34485477			0.11072098214285714	0.28958482490272375	-0.24249544580548
valdecoxib			0.11039985119047618	0.28958482490272375	-0.24271033774549008
palmostatin b			0.10876488095238095	0.287755905511811	-0.24382302097931619
triazolothiadiazine			0.108359375	0.287755905511811	-0.24411620481299792
cx-5461			0.10835699404761905	0.287755905511811	-0.244118203541546
chlorambucil			0.10557425595238096	0.28265298804780875	-0.24611200839202396
prl-3 inhibitor i			0.1048296130952381	0.281782	-0.2466691782659204
brd8958			0.10341919642857143	0.27910722891566264	-0.2477415863746292
tipifarnib-p2			0.1028328869047619	0.27864395161290323	-0.24819856537528698
lrrk2-in-1			0.10259955357142857	0.27864395161290323	-0.2483719910407643
alisertib			0.09883824404761905	0.26999715447154476	-0.2511766573823405
r428			0.09868095238095238	0.26999715447154476	-0.25130403276530644
xmd15-27			0.09849345238095238	0.26999715447154476	-0.25144279184608603
sid 26681509			0.09744300595238095	0.26947201646090535	-0.2522901931360002
kin001-266			0.09733809523809524	0.26947201646090535	-0.25237880284484326
jw-7-24-1			0.09626934523809524	0.26843568464730294	-0.25334260262189945
tandutinib			0.0953389880952381	0.2669491666666667	-0.2542363493444666
stemregenin 1			0.09493184523809524	0.2669213389121339	-0.254626748344189
hyperforin			0.09492589285714285	0.2669213389121339	-0.25463372019606784
stf-62247			0.09410729166666666	0.26683586497890294	-0.2554440962286206
necrostatin-7			0.09358541666666667	0.2664805084745763	-0.2559640364443708
pac-1			0.09292991071428572	0.26574000000000003	-0.2565547325834631
npk76-ii-72-1			0.09266458333333333	0.26574000000000003	-0.2568232765570938
brd-k70511574			0.09204702380952381	0.265474678111588	-0.2574294287016978
unc0638			0.09041934523809524	0.2619043103448276	-0.2591822832185884
brd-m00053801			0.09010386904761905	0.2619043103448276	-0.25954063932034627
bms-270394			0.08923571428571428	0.26072347826086956	-0.2605600055432422
tamoxifen			0.08858154761904762	0.2599423580786026	-0.2613447989244543
plx-4032			0.08738348214285714	0.25755131578947366	-0.262821019695914
mk-0752			0.08738258928571428	0.25755131578947366	-0.2628214832031701
pik-93			0.08735342261904762	0.25755131578947366	-0.262858011143716
nvp-bsk805			0.0857904761904762	0.2562275555555556	-0.26482864231797393
purmorphamine			0.08568333333333333	0.2562275555555556	-0.26495003082785556
foretinib			0.0853514880952381	0.2562275555555556	-0.2653775808236628
ml311			0.08379880952380953	0.25366126126126126	-0.2673799195186733
nakiterpiosin			0.08254315476190476	0.25099095022624435	-0.269072704291423
brd-k51490254			0.08217425595238095	0.25099095022624435	-0.26959965318061824
ex-527			0.08197142857142857	0.25099095022624435	-0.2698867248299164
ku-0063794			0.08194151785714286	0.25099095022624435	-0.26993213270267
vx-11e			0.08176502976190476	0.25099095022624435	-0.2701865473131195
ar-42			0.0817625	0.25099095022624435	-0.2701913341580986
hli 373			0.08167708333333333	0.25099095022624435	-0.270302817388615
dacinostat			0.08103854166666667	0.25099095022624435	-0.2712071361227053
pd-0332991			0.08096547619047618	0.25099095022624435	-0.2713169233653199
azd1480			0.08001666666666667	0.25099095022624435	-0.27268418488126045
compound 7d-cis			0.07944419642857142	0.25099095022624435	-0.2735054760504538
px-12			0.07916994047619047	0.25099095022624435	-0.27389057708971404
brd-k30748066			0.07858288690476191	0.25099095022624435	-0.27470185629408206
mg-132			0.07849880952380953	0.25099095022624435	-0.2748258745066391
prochlorperazine			0.07769732142857143	0.25099095022624435	-0.2759878904392474
am-580			0.07726324404761904	0.25099095022624435	-0.2766259150139577
ml029			0.07654538690476191	0.25091951219512193	-0.277651027398365
bix-01294			0.07472708333333333	0.24615980392156864	-0.2799189718641248
brd-k24690302			0.07429806547619047	0.24595221674876847	-0.2804334759542002
ql-xi-92			0.07410446428571428	0.24595221674876847	-0.28067498642784183
vincristine			0.0736373511904762	0.24595221674876847	-0.28126137724771977
nsc-207895			0.07244002976190476	0.24339850000000002	-0.28277805491602365
plx4720			0.07240491071428572	0.24339850000000002	-0.28282646304436765
pitstop2			0.07217053571428571	0.24339850000000002	-0.2831374643003874
jw-74			0.07190729166666666	0.24339850000000002	-0.28349104089964017
ml006			0.07187276785714286	0.24339850000000002	-0.28353819634275057
nvp-bez235			0.07118660714285714	0.24339850000000002	-0.2844724199408054
1s,3r-rsl-3			0.07088125	0.24339850000000002	-0.2848978259219721
b02			0.07050238095238096	0.24339850000000002	-0.28546959635189917
dbeq			0.07027321428571429	0.24339850000000002	-0.28582708105375937
nvp-bhg712			0.06996592261904762	0.24339850000000002	-0.2862925409267329
mst-312			0.06953869047619048	0.24339850000000002	-0.2869310756144587
ml239			0.06930208333333333	0.24339850000000002	-0.2872816777827383
brd-k78574327			0.06896711309523809	0.24339850000000002	-0.28780045619545
barasertib			0.0687	0.24339850000000002	-0.2882177034576683
ceranib-2			0.06853377976190476	0.24339850000000002	-0.2884780568758693
alvocidib			0.06815550595238096	0.24339850000000002	-0.2890636777517417
istradefylline			0.06793318452380952	0.24339850000000002	-0.2894132057378865
ro4929097			0.06779017857142858	0.24339850000000002	-0.28963715088014164
curcumin			0.0668141369047619	0.24339850000000002	-0.2910775163513936
sirolimus			0.06668229166666667	0.24339850000000002	-0.2912685189184466
brd-k26531177			0.06531979166666667	0.24339850000000002	-0.29321414755350717
masitinib			0.06387976190476191	0.23981675977653635	-0.29529476843141556
brd1812			0.0634891369047619	0.23968932584269664	-0.29582719688221715
aew541			0.061786904761904765	0.23458079096045198	-0.2981099229783709
leptomycin b			0.06145788690476191	0.23458079096045198	-0.2986047843725742
cil70			0.06071755952380952	0.23315542857142854	-0.29975464475377345
nvp-231			0.060380357142857145	0.23315542857142854	-0.30019308554631746
nsc632839			0.060097619047619046	0.23315542857142854	-0.3005164696581777
at13387			0.05970252976190476	0.23315542857142854	-0.30097858000012795
fingolimod			0.059599255952380956	0.23315542857142854	-0.3011010638528842
iu1			0.05915104166666667	0.23315542857142854	-0.30166446384276546
oligomycin a			0.05736800595238095	0.22811420118343195	-0.30389755939824026
genentech cpd 10			0.05658452380952381	0.22633809523809523	-0.30491875634717747
bleomycin a2			0.05655818452380952	0.22633809523809523	-0.3049559107013772
regorafenib			0.05599419642857143	0.22633809523809523	-0.3056794551388067
wp1130			0.05583199404761905	0.22633809523809523	-0.30584146665790424
cudc-101			0.05537247023809524	0.22633809523809523	-0.30625581294204585
abt-737			0.05520119047619047	0.22633809523809523	-0.3064241052520431
necrosulfonamide			0.05496488095238095	0.22633809523809523	-0.30662730814909583
gossypol			0.054233333333333335	0.22633809523809523	-0.3072710291823905
isox			0.05418154761904762	0.22633809523809523	-0.30731071264011095
myricetin			0.05410416666666667	0.22633809523809523	-0.30738251814731515
gw-405833			0.054021428571428574	0.22633809523809523	-0.3074580432452486
nutlin-3			0.05358497023809524	0.22633809523809523	-0.30783009380264403
sb-525334			0.05294985119047619	0.22633809523809523	-0.3083321962747739
bms-536924			0.05228050595238095	0.22633809523809523	-0.30892626856030214
ml210			0.05226041666666666	0.22633809523809523	-0.3089428885560071
pl-di			0.052004166666666664	0.22633809523809523	-0.3091703692457
ml162			0.05135089285714286	0.22633809523809523	-0.3096888260854613
wz4002			0.0511141369047619	0.22633809523809523	-0.3098527342005068
compound 1541a			0.050630357142857144	0.22633809523809523	-0.310181323115491
ipr-456			0.05061264880952381	0.22633809523809523	-0.31019418717933167
skepinone-l			0.050311160714285715	0.22633809523809523	-0.3103953436962841
cay10603			0.050092559523809525	0.22633809523809523	-0.31054493682181705
ch-55			0.04933660714285714	0.22633809523809523	-0.3110805531559467
sz4ta2			0.049316517857142854	0.22633809523809523	-0.3110979129527522
nsc30930			0.048015625	0.22407291666666668	-0.31209147551302363
cerulenin			0.047826190476190474	0.22407291666666668	-0.31223903553077886
elocalcitol			0.0464422619047619	0.2197830985915493	-0.313333942062148
brd6340			0.04524449404761905	0.21563333333333334	-0.3141116602833192
brd-k45681478			0.04479107142857143	0.21499714285714286	-0.31437734338375606
azd7762			0.044553125	0.21499714285714286	-0.31451146411531844
pf-750			0.044361755952380955	0.21499714285714286	-0.31462276766729413
bms-754807			0.04431071428571429	0.21499714285714286	-0.31464836053817946
ym201636			0.041158482142857146	0.20337132352941178	-0.3166073948037041
mitomycin-c			0.040189136904761905	0.2000525925925926	-0.3172200529779073
16-beta-bromoandrosterone			0.03960997023809524	0.1986410447761194	-0.31757471834236745
jq-1			0.03930104166666667	0.19857368421052632	-0.31778455128422545
kin001-270			0.038675	0.1968909090909091	-0.31820018221255036
xmd14-99			0.038551190476190475	0.1968909090909091	-0.31828448840375295
cyanoquinoline 11			0.03828050595238095	0.1968909090909091	-0.31846591016891834
xmd13-2			0.0377625	0.1967162790697674	-0.3188109332711296
thalidomide			0.03722321428571428	0.195421875	-0.31918903351598993
itraconazole			0.03685922619047619	0.19503464566929135	-0.3194526756703559
mdivi-1			0.035606845238095236	0.1899031746031746	-0.3203757208599791
cediranib			0.03376889880952381	0.1815416	-0.321910603100848
bx-912			0.031466517857142856	0.1705282258064516	-0.32445233503774956
tivozanib			0.030679613095238097	0.16761544715447158	-0.3255060908732617
cucurbitacin i			0.03022485119047619	0.1664844262295082	-0.326180378576253
cay10618			0.02980282738095238	0.16551652892561983	-0.32683100290993444
cal-101			0.027612053571428572	0.1546275	-0.3311066819359256
narciclasine			0.027298065476190476	0.15415378151260503	-0.3316728629618163
prima-1			0.027273958333333334	0.15415378151260503	-0.3317295852158347
brd-k51831558			0.027168303571428572	0.15415378151260503	-0.3319123830775669
thz-2-102-1			0.02690029761904762	0.15415378151260503	-0.3324067160567229
sb-743921			0.026607291666666668	0.15415378151260503	-0.33294393771806857
serdemetan			0.02578497023809524	0.1519956140350877	-0.3345312933202689
smer-3			0.02531592261904762	0.1505513274336283	-0.33544420584363477
etp-46464			0.025084672619047618	0.15050803571428573	-0.33595461222256773
epigallocatechin-3-monogallate			0.024338839285714287	0.14734864864864866	-0.3375991026741239
tae684			0.024270833333333332	0.14734864864864866	-0.3377389501856682
ku 0060648			0.023853869047619047	0.1470623853211009	-0.338776559901455
snx-2112			0.023791666666666666	0.1470623853211009	-0.33894523335523746
gsk690693			0.023373363095238096	0.14679345794392526	-0.3398470229928278
nsc23766			0.023349404761904762	0.14679345794392526	-0.33988714369980494
nsc19630			0.023208184523809523	0.14679345794392526	-0.34013635743870946
aica ribonucleotide			0.02269047619047619	0.14661538461538462	-0.341005808160802
ym-155			0.022082291666666667	0.14407087378640776	-0.3421617309218597
entinostat			0.02137529761904762	0.14082549019607846	-0.34419072626082514
pifithrin-mu			0.02105595238095238	0.1400950495049505	-0.3449547969054068
ly-2183240			0.020972470238095238	0.1400950495049505	-0.3451522983348166
omacetaxine mepesuccinate			0.020702976190476192	0.1400950495049505	-0.34590817313763716
compound 23 citrate			0.02062857142857143	0.1400950495049505	-0.3461417307145534
nsc48300			0.02002157738095238	0.1387061855670103	-0.3484398748406279
raf265			0.01799464285714286	0.1259625	-0.35643460158754553
apicidin			0.017938541666666665	0.1259625	-0.3568295673285046
navitoclax			0.017383035714285715	0.12427021276595746	-0.36050076033634587
i-bet151			0.017085565476190476	0.12345698924731183	-0.3626028987953697
linsitinib			0.016975	0.12345698924731183	-0.36342092207802673
sgx-523			0.016425892857142858	0.12129890109890111	-0.36746974247178804
kpt185			0.015988244047619046	0.11937888888888888	-0.3708742639564631
ml050			0.015387351190476191	0.11618314606741573	-0.37575686968510663
motesanib			0.015058928571428572	0.11499545454545454	-0.37829058599502696
brd-k90370028			0.015027083333333333	0.11499545454545454	-0.37853242040545215
osi-930			0.014735863095238095	0.11499545454545454	-0.38042877108427886
ski-ii			0.013932291666666667	0.11014705882352942	-0.3855450828140374
i-bet-762			0.01378482142857143	0.11014705882352942	-0.386859603602406
ql-xii-47			0.013131547619047619	0.10631807228915663	-0.39118826042288435
tpca-1			0.012988690476190477	0.10631807228915663	-0.39185981341695597
brd-k92856060			0.012908184523809523	0.10631807228915663	-0.3921776834631725
sb52334			0.012767857142857143	0.10631807228915663	-0.39260309096875406
imatinib			0.012675446428571428	0.10631807228915663	-0.3928461414481866
fedratinib			0.011962053571428571	0.10305769230769231	-0.3952217371276707
ql-xii-61			0.011369345238095237	0.09922337662337662	-0.3978302095530937
tivantinib			0.010854761904761905	0.09597894736842105	-0.401823156621599
methotrexate			0.010405505952380953	0.09323333333333333	-0.4063644417809793
rigosertib			0.009938839285714285	0.0902554054054054	-0.41632146688897853
tosedostat			0.009523958333333334	0.08767260273972603	-0.42363421942235274
paclitaxel			0.00941577380952381	0.08767260273972603	-0.42482003353181913
pf-3758309			0.009269642857142857	0.08767260273972603	-0.4274666469602299
stf-31			0.009224404761904762	0.08767260273972603	-0.4281337126573937
brd-k33514849			0.009079464285714286	0.08767260273972603	-0.42966221611276506
gsk1070916			0.008729613095238096	0.08626911764705883	-0.4342122997525653
vx-680			0.008718303571428571	0.08626911764705883	-0.43434401872704914
tretinoin			0.008662797619047619	0.08626911764705883	-0.4351656844638745
brd-k37390332			0.008580208333333334	0.08626911764705883	-0.43664328045550865
dinaciclib			0.008579166666666667	0.08626911764705883	-0.4366833592839414
methylstat			0.008496130952380953	0.08626911764705883	-0.440144816717604
manumycin a			0.008492261904761905	0.08626911764705883	-0.4403415449996459
belinostat			0.00837217261904762	0.08626911764705883	-0.4444213863385157
pha-793887			0.008277678571428571	0.08626911764705883	-0.4472151744259443
gsk-j4			0.007898065476190477	0.08626911764705883	-0.4553483941071427
birb-796			0.007661011904761905	0.08626911764705883	-0.45833821294738925
daporinad			0.007476339285714286	0.08626911764705883	-0.4605688265894108
parthenolide			0.007416964285714285	0.08626911764705883	-0.46121345568777183
bardoxolone methyl			0.007392857142857143	0.08626911764705883	-0.46147416929784874
sns-032			0.006938988095238095	0.08626911764705883	-0.4638812035165551
alectinib			0.006805505952380953	0.08626911764705883	-0.4645429097763958
fulvestrant			0.006414583333333333	0.08289615384615384	-0.4669650490207429
crizotinib			0.006285416666666667	0.08281960784313726	-0.4679163557384404
piperlongumine			0.006277083333333333	0.08281960784313726	-0.46797808774968364
decitabine			0.006105059523809524	0.08281960784313726	-0.46901529329024394
vx-702			0.0058366071428571425	0.0817125	-0.4723698155906233
brd-k88742110			0.00579985119047619	0.0817125	-0.47281674432848203
brd-a94377914			0.005551190476190476	0.08109565217391303	-0.4742517255367465
sr-ii-138a			0.005165029761904762	0.07713111111111112	-0.4759628890407397
pandacostat			0.005060714285714286	0.07713111111111112	-0.4764957717912429
repligen 136			0.004959821428571429	0.07713111111111112	-0.4770692765918621
brd-k61166597			0.004744791666666666	0.07591666666666666	-0.4788835617749768
lbh-589			0.004672916666666666	0.07591666666666666	-0.4793398490284864
tl-2-105			0.004356398809523809	0.0731875	-0.4805262193883603
ciclopirox			0.00431860119047619	0.0731875	-0.4806191584852906
brd-k66532283			0.00422514880952381	0.0731875	-0.4809181757825348
pi-103			0.003930654761904762	0.0713891891891892	-0.48193454324708196
lomeguatrib			0.0036175595238095238	0.06752777777777778	-0.4831427999516599
zm447439			0.0033348214285714287	0.06402857142857143	-0.4845430802841916
osi-027			0.003164434523809524	0.06254411764705882	-0.48645457012130067
cr-1-31b			0.003094047619047619	0.06254411764705882	-0.4871898636041293
cimetidine			0.0027169642857142857	0.05705625	-0.48922154540394747
tubastatin a			0.002433779761904762	0.05275806451612903	-0.4906623295343382
mps-1-in-1			0.002374404761904762	0.05275806451612903	-0.49089603075273114
ql-x-138			0.0022473214285714284	0.052075862068965514	-0.49153396512187675
avrainvillamide			0.0020863095238095237	0.05007142857142857	-0.4924841388533302
sb-505124			0.0019019345238095238	0.04733703703703703	-0.49426123614175155
gmx-1778			0.0017958333333333333	0.046415384615384615	-0.49765125855654385
brd-k35604418			0.0017319940476190475	0.046415384615384615	-0.5047636083278354
pf2341066			0.0014967261904761905	0.04190833333333333	-0.5197990808144543
niclosamide			0.001453125	0.04190833333333333	-0.521490182165366
linifanib			0.0014485119047619047	0.04190833333333333	-0.5217663016587221
ml031			0.001040625	0.0333	-0.5452161227077712
ouabain			0.0010214285714285714	0.0333	-0.5526395819859842
amuvatinib			0.0009773809523809524	0.0333	-0.5653422061019432
rita			0.0009733630952380953	0.0333	-0.5659338155126883
bms-345541			0.0009029761904761905	0.0333	-0.5732161584847241
cct036477			0.0008711309523809523	0.0333	-0.5786253224608057
vorinostat			0.0008574404761904762	0.0333	-0.581503472925232
kh-cb19			0.0008190476190476191	0.0333	-0.5965448143052969
brd-k29313308			0.0007614583333333333	0.0333	-0.6096461315962642
mi-2			0.0007215773809523809	0.0333	-0.615826228505733
merck60			0.0006791666666666667	0.0333	-0.6174361571954489
hbx-41108		0.052468648359364885	0.0005758928571428572	0.0333	-0.6209904449635211
topotecan		0.06226050296733885	0.0005264880952380953	0.0333	-0.622993804058095
5-fluorouracil		0.08308332954783382	0.0004691964285714286	0.0333	-0.6262691621664871
neuronal differentiation inducer iii		0.050823099722160085	0.00045238095238095237	0.0333	-0.6269773950174515
irinotecan		0.06230319913033538	0.00032738095238095237	0.0333	-0.6307850150760673
wz3105		0.06972891938256894	0.0002799107142857143	0.0333	-0.6317086775452464
lbw242		0.040938669145558756	0.0001261904761904762	0.0212	-0.7029795575035269
brd-a86708339		0.05165257146108525	9.196428571428572e-05	0.0206	-0.7396346513515034
sotrastaurin		0.05298018902547228	3.4523809523809526e-05	0.011600000000000001	-0.748549432453425
marinopyrrole a		0.03464068771631312	1.488095238095238e-07	9.999999999999999e-05	-0.8771911441375082
