Name	Score(0.95 MoE)	0.95 MoE	p-value	FDR	Score
erlotinib		0.03436996764686856	0.0008333333333333334	0.15857142857142859	0.5600905988089723
pyrimethamine		0.03428683119139294	0.0013690476190476191	0.15857142857142859	0.5209763640087167
sb216763		0.04146386295935938	0.0015178571428571428	0.15857142857142859	0.5170921063628873
qs11		0.03988738770344208	0.0016220238095238095	0.15857142857142859	0.5128767245513155
olaparib		0.05298677704528008	0.0016220238095238095	0.15857142857142859	0.5124317773110114
fh535		0.026925563024718668	0.0016220238095238095	0.15857142857142859	0.5109671530934095
eht-1864		0.03744393368180094	0.0016517857142857144	0.15857142857142859	0.5084699938879129
chir-99021		0.04363346732818662	0.0022470238095238094	0.17933333333333332	0.49197354724510917
bleomycin		0.04935710188670993	0.002782738095238095	0.17933333333333332	0.4820266224541919
tgx221		0.04383322010345179	0.002782738095238095	0.17933333333333332	0.48112454858721415
brd-k71935468			0.003244047619047619	0.17933333333333332	0.47509580053372935
bms-509744			0.0033482142857142855	0.17933333333333332	0.4735386105724434
vinorelbine			0.0036458333333333334	0.17933333333333332	0.4702436911446025
azd6482			0.00375	0.17933333333333332	0.4692202656716179
(5z)-7-oxozeaenol			0.0040029761904761905	0.17933333333333332	0.46600449057004456
brd-k14844214			0.004508928571428572	0.18555555555555556	0.4637481425171691
saracatinib			0.004970238095238095	0.18555555555555556	0.4591742425374931
gsk269962a			0.004970238095238095	0.18555555555555556	0.4591196421379334
dactolisib			0.0052976190476190475	0.18736842105263157	0.4533569773545258
brd-k48477130			0.00650297619047619	0.1957142857142857	0.43479063759247444
xmd11-85h			0.0065625	0.1957142857142857	0.4341950034903493
zibotentan			0.006592261904761905	0.1957142857142857	0.4332273889527701
brd-k52037352			0.006889880952380952	0.1957142857142857	0.42846858834736884
bcl-lzh-4			0.007857142857142858	0.1957142857142857	0.41395629390744104
seliciclib			0.007946428571428571	0.1957142857142857	0.411928858891349
wh-4-023			0.007946428571428571	0.1957142857142857	0.41175480610642995
tanespimycin			0.007976190476190477	0.1957142857142857	0.4108644561526123
nutlin-3a (-)			0.008154761904761904	0.1957142857142857	0.4074461644051617
sl0101			0.008988095238095238	0.19666666666666668	0.40091397953501856
midostaurin			0.009136904761904763	0.19666666666666668	0.3996612442215007
jnk-9l			0.009538690476190477	0.19666666666666668	0.39787448310114404
pf-562271			0.00956845238095238	0.19666666666666668	0.397628546852644
nsc-87877			0.009657738095238096	0.19666666666666668	0.3971632496439198
nu7441			0.010892857142857143	0.21388888888888888	0.39281845477950855
vandetanib			0.011264880952380952	0.21388888888888888	0.39183596776704593
ql-viii-58			0.011458333333333333	0.21388888888888888	0.39072285055455264
tipifarnib			0.012202380952380952	0.22162162162162163	0.3843466748819582
selisistat			0.013125	0.23210526315789473	0.3788481380734529
gw441756			0.014598214285714286	0.24148936170212765	0.37106506350527835
embelin			0.014895833333333334	0.24148936170212765	0.36889232476129774
as601245			0.015550595238095238	0.24148936170212765	0.36506802384014264
pfi-1			0.015684523809523808	0.24148936170212765	0.3634080069761437
zd-6474			0.015773809523809523	0.24148936170212765	0.363172542721777
cyclopamine			0.015952380952380954	0.24148936170212765	0.3622346798196498
thapsigargin			0.016547619047619047	0.24148936170212765	0.35880102026400457
avagacestat			0.016770833333333332	0.24148936170212765	0.3574198466825458
selumetinib			0.01688988095238095	0.24148936170212765	0.3569547056988953
a-443654			0.01767857142857143	0.24750000000000003	0.35356400320797876
a-770041			0.01918154761904762	0.2598	0.34950370683236764
bosutinib			0.019330357142857142	0.2598	0.3488887071024959
cisplatin			0.0228125	0.30058823529411766	0.34266143967523705
az628			0.023497023809523808	0.3036538461538461	0.3418934099279518
cyclophosphamide			0.024166666666666666	0.30641509433962266	0.34119413143132726
sgc0946			0.02470238095238095	0.30740740740740735	0.3407157454555715
jq1			0.02525297619047619	0.3083928571428572	0.340053426136749
jw-55			0.025699404761904764	0.3083928571428572	0.3397042430237312
lestauritinib			0.026696428571428572	0.31473684210526315	0.3385756377079497
xmd8-85			0.027648809523809523	0.32016666666666665	0.33672676269755963
sb590885			0.028526785714285713	0.32016666666666665	0.3348344608561757
wz-1-84			0.028586309523809524	0.32016666666666665	0.334610716650784
brd-k17060750			0.029107142857142856	0.320655737704918	0.33374690740387525
gsk1904529a			0.03275297619047619	0.3546875	0.32644774663012316
681640			0.03352678571428572	0.3546875	0.3254665443786748
jnk inhibitor viii			0.0337797619047619	0.3546875	0.32501804763994474
bryostatin 1			0.03464285714285714	0.35815384615384616	0.32387347087222873
avicin d			0.03595238095238095	0.36606060606060603	0.3223542484267352
betulinic acid			0.04299107142857143	0.42676470588235293	0.3150287169028459
luminespib			0.04318452380952381	0.42676470588235293	0.3148579618523358
zebularine			0.04702380952380952	0.4557142857142857	0.31197119210113106
palbociclib			0.04747023809523809	0.4557142857142857	0.31165341647873274
bleomycin (50 um)			0.051220238095238096	0.4847887323943662	0.30864348481538373
brd-k99006945			0.05209821428571428	0.48625	0.30793249060064803
rucaparib			0.05604166666666666	0.5098648648648648	0.3048589473974722
gefitinib			0.05614583333333333	0.5098648648648648	0.3047479749178531
cgp-082996			0.06105654761904762	0.5470666666666667	0.3001612837189875
compound 1b			0.06264880952380952	0.5476623376623377	0.2986138567932454
tak-715			0.06275297619047619	0.5476623376623377	0.29845836521625
dasatinib			0.06540178571428572	0.5634615384615385	0.29597373351850265
dmog			0.06677083333333333	0.5679746835443038	0.2946320086087421
gw-2580			0.07029761904761905	0.5905	0.29064070025270966
shikonin			0.07200892857142857	0.5974074074074074	0.28889247969028725
isonicotinohydroxamic acid			0.0750297619047619	0.6148780487804878	0.2852577030075044
nelarabine			0.0800595238095238	0.6410588235294118	0.2800764065089834
brd-k16147474			0.08075892857142856	0.6410588235294118	0.279367728642438
cct007093			0.08108630952380952	0.6410588235294118	0.2790158440090957
cytochalasin b			0.08456845238095238	0.6543678160919539	0.27514720722634955
lfm-a13			0.0847172619047619	0.6543678160919539	0.274983983950642
rapamycin			0.088125	0.6606666666666667	0.2708227587751461
brd-k34099515			0.08821428571428572	0.6606666666666667	0.27073549164701227
procarbazine			0.08848214285714286	0.6606666666666667	0.27035952652516054
trametinib			0.09077380952380952	0.6663043478260868	0.26727638507856205
pd318088			0.09122023809523809	0.6663043478260868	0.2665624805613141
ku-55933			0.09647321428571429	0.6876923076923077	0.2602976696339184
17-aag			0.10075892857142857	0.6876923076923077	0.25605758696478964
brd-k50799972			0.10084821428571429	0.6876923076923077	0.25602106778568823
afatinib			0.10095238095238095	0.6876923076923077	0.2559095239923489
ko-143			0.10116071428571428	0.6876923076923077	0.25567844066422674
xmd8-92			0.10183035714285714	0.6876923076923077	0.25516914312155564
hg-5-113-01			0.10245535714285714	0.6876923076923077	0.25460046699414957
hg6-64-1			0.10367559523809523	0.6876923076923077	0.2537100672169465
azd0530			0.10526785714285715	0.6876923076923077	0.2525073450018461
fmk			0.10613095238095238	0.6876923076923077	0.25180045019859193
cay10594			0.10626488095238096	0.6876923076923077	0.25171182494800964
doramapimod			0.10642857142857143	0.6876923076923077	0.25166630724128886
pf-4708671			0.1090327380952381	0.6978095238095239	0.24958488669315704
vismodegib			0.11302083333333333	0.7019266055045872	0.24711203408045157
cabozantinib			0.11311011904761904	0.7019266055045872	0.2470415619181218
obatoclax mesylate			0.11383928571428571	0.7019266055045872	0.24662023659833232
vinblastine			0.11385416666666667	0.7019266055045872	0.24659450302270935
brd-k96431673			0.11552083333333334	0.7019819819819819	0.245486758557997
zg-10			0.11595238095238095	0.7019819819819819	0.24520677074865627
pha-665752			0.11736607142857143	0.7041964285714286	0.24445262788892852
neratinib			0.12203869047619048	0.7176521739130435	0.24189956857927247
bicalutamide			0.12261904761904761	0.7176521739130435	0.24161392442113144
ly-2157299			0.1228125	0.7176521739130435	0.2415172325556262
tg-101348			0.12574404761904762	0.728448275862069	0.23988260048469898
ro-3306			0.13383928571428572	0.7687179487179487	0.23614247232596622
brd-k27224038			0.13520833333333335	0.7700000000000001	0.23543265283932896
cct-018159			0.1405952380952381	0.7939495798319328	0.2330667561498978
sildenafil			0.1430654761904762	0.8011666666666666	0.231985452450379
cytarabine			0.15026785714285715	0.8327049180327869	0.22881258489505746
ver-155008			0.15117559523809523	0.8327049180327869	0.2284734657248903
tozasertib			0.15477678571428571	0.8456097560975611	0.22686996250261743
pictilisib			0.15647321428571428	0.84632	0.22595767119112864
myriocin			0.15742559523809524	0.84632	0.22533943778258414
brd-k27986637			0.1689732142857143	0.8962204724409449	0.21845960576030707
gemcitabine			0.169375	0.8962204724409449	0.21814638644313944
gsk650394			0.17404761904761903	0.91375	0.21493588598183994
pazopanib			0.17587797619047618	0.9162015503875968	0.21383970057624332
pelitinib			0.18075892857142858	0.9343846153846154	0.21061468014720702
jq12			0.1843452380952381	0.945648854961832	0.20814695081487347
bix02189			0.18598214285714285	0.9468181818181818	0.20724121622097746
lapatinib			0.18782738095238094	0.9490225563909774	0.20598709384225014
npc-26			0.19063988095238096	0.9495588235294117	0.20434691042428926
fr-180204			0.19081845238095238	0.9495588235294117	0.20419799832234747
mi-1			0.19217261904761904	0.9495588235294117	0.20330284119717926
epothilone b			0.19760416666666666	0.9692028985507246	0.19998984629648753
brd-k84807411			0.19903273809523808	0.9692028985507246	0.1993420888333272
sn-38			0.20413690476190477	0.9814482758620688	0.19643238271612523
akt inhibitor viii			0.2053720238095238	0.9814482758620688	0.19581473457127938
brd-k09587429			0.20617559523809523	0.9814482758620688	0.19535314616515062
pevonedistat			0.20758928571428573	0.9814482758620688	0.1944900768471553
brd-k42260513			0.21063988095238095	0.9814482758620688	0.1927200449891264
azacitidine			0.21083333333333334	0.9814482758620688	0.19259878626837243
ciclosporin			0.21177083333333332	0.9814482758620688	0.19212289900926544
unc1215			0.21455357142857143	0.9838095238095238	0.190617491777547
ml320			0.21520833333333333	0.9838095238095238	0.19026944929124914
refametinib			0.2223065476190476	0.995447619047619	0.1865057496626699
yk-4-279			0.22398809523809524	0.9951908396946565	0.18569616239593342
ml083			0.22921130952380953	0.9903824091778203	0.18316006371298074
pd173074			0.23102678571428573	0.9899425287356322	0.1824566059088732
doxorubicin			0.23532738095238095	0.9862955854126679	0.18045515162045037
lovastatin			0.24108630952380952	0.98075	0.17778341241942627
ml334 diastereomer			0.24319940476190477	0.9799036608863199	0.1767319849173282
gsk319347a			0.24828869047619048	0.9751930501930501	0.1744059517617955
brd-k02251932			0.2511607142857143	0.9733462282398452	0.17318643430428923
brd-k86535717			0.25120535714285713	0.9733462282398452	0.17313616063713513
cbb-1007			0.2524702380952381	0.9733462282398452	0.1726574858081451
cil55			0.2544047619047619	0.9733462282398452	0.17187271920579353
nvp-tae684			0.25697916666666665	0.9733138401559455	0.1707666479322371
wz8040			0.25816964285714283	0.9733138401559455	0.1702574765972672
sr1001			0.26479166666666665	0.9668493150684933	0.16771435414548186
erismodegib			0.26785714285714285	0.9647058823529412	0.16646115898810598
ci-1040			0.2685863095238095	0.9647058823529412	0.1661458153832571
brd4132			0.2732142857142857	0.9614173228346456	0.16442499637657063
tgx-221			0.27412202380952383	0.9614173228346456	0.1640343072224485
sb-431542			0.2754761904761905	0.9614173228346456	0.1636021709936771
vnlg/124			0.2824107142857143	0.9548910891089109	0.16117359376550822
semagacestat			0.28288690476190476	0.9548910891089109	0.16102696088813462
ml312			0.2913392857142857	0.9467594433399603	0.15863090524797857
talazoparib			0.29147321428571427	0.9467594433399603	0.1585808895074252
staurosporine			0.30441964285714285	0.9329940119760479	0.15510858407064582
pd0325901			0.3171428571428571	0.9177599999999999	0.1520898903427653
elesclomol			0.3187202380952381	0.9174749498997996	0.15162197481783532
azd6244			0.32744047619047617	0.9075502008032128	0.14947821867930244
brd-k41334119			0.3300595238095238	0.905835010060362	0.14875064574670657
cid-5951923			0.33427083333333335	0.9019556451612903	0.1472498235683183
fumonisin b1			0.33916666666666667	0.8971313131313131	0.14541073987851336
gnf-2			0.3408333333333333	0.8966801619433198	0.14465868407794127
brd-k44224150			0.3419196428571429	0.8966801619433198	0.14414743730302232
prima-1-met			0.35147321428571426	0.8857926829268293	0.13972202310145834
l-685458			0.3542410714285714	0.8838085539714868	0.138220296141906
austocystin d			0.35696428571428573	0.8818775510204082	0.13673844682125857
cgp-60474			0.3621577380952381	0.8765439672801636	0.134327425646663
brd-k48334597			0.36330357142857145	0.8765439672801636	0.13376061851058973
salubrinal			0.36477678571428573	0.87652977412731	0.13307082068720089
jw-7-52-1			0.3689880952380952	0.8725102880658436	0.13129019767517205
gw843682x			0.3703571428571429	0.8724123711340207	0.13070943563719478
etomoxir			0.3726041666666667	0.8710950413223141	0.12951025701035865
neopeltolide			0.37388392857142855	0.8710950413223141	0.12877602276758152
ml203			0.3740922619047619	0.8710950413223141	0.1286623050246961
z-llnle-cho			0.37776785714285716	0.8693139293139294	0.12706427076322735
as605240			0.37846726190476193	0.8693139293139294	0.1267523222813619
way-362450			0.38563988095238094	0.8618997912317327	0.12332960252341282
enzastaurin			0.3887202380952381	0.8593723849372384	0.12146068986290254
brd-k75293299			0.3894047619047619	0.8593723849372384	0.1210332684356637
momelotinib			0.39032738095238095	0.8593723849372384	0.12058999810534525
xav939			0.39099702380952384	0.8593723849372384	0.1202194266900442
brd-k04800985			0.40208333333333335	0.8476793248945147	0.11516623058764355
cmk			0.40260416666666665	0.8476793248945147	0.11482744566980536
brd-k71781559			0.41052083333333333	0.8392584745762712	0.11111755663101584
gdc-0879			0.4136755952380952	0.8365392781316349	0.10933019155617663
fti-277			0.4179315476190476	0.8322340425531916	0.10672494807793895
gsk-3 inhibitor ix			0.4239583333333333	0.8253731343283582	0.10285241731184006
nintedanib			0.4303422619047619	0.8179700854700855	0.09870486999670505
gsk4112			0.4308482142857143	0.8179700854700855	0.0983111117779104
whi-p97			0.43294642857142857	0.817725321888412	0.09651907021762739
s-trityl-l-cysteine			0.4335267857142857	0.817725321888412	0.09618690810021367
bay-61-3606			0.4430654761904762	0.8065948275862069	0.0891514609672197
osu-03012			0.4434375	0.8065948275862069	0.08877952927184246
teniposide			0.44944940476190476	0.8008008658008658	0.08374832836785118
968			0.45123511904761904	0.7999349240780911	0.08229323503251672
simvastatin			0.4522172619047619	0.7999349240780911	0.08162084840082862
abt-199			0.4545684523809524	0.7985403050108932	0.07978212120316068
brd-k94991378			0.4609375	0.7909388646288209	0.0756113487258451
dabrafenib			0.4640029761904762	0.7881619256017506	0.07336584326896568
brd-k96970199			0.4666517857142857	0.7859868421052632	0.07089153099475022
wiki4			0.4686011904761905	0.7848351648351649	0.06912592775071355
bx796			0.4739136904761905	0.7787004405286343	0.0637711799100379
lenalidomide			0.4787202380952381	0.7732891832229579	0.05951167385502371
fsc231			0.480610119047619	0.7721902654867255	0.05793893976076988
brd-k13999467			0.49720238095238095	0.7491796008869179	0.04594268448731389
vu0155056			0.49995535714285716	0.7466	0.043271984359474186
canertinib			0.49745535714285716	0.744521158129176	0.040433074224439716
kin001-244			0.4959375	0.74390625	0.03829205834577438
tw 37			0.4937797619047619	0.7423266219239374	0.034889300602242164
aa-cocf3			0.49361607142857145	0.7423266219239374	0.03458374468152557
o-6-benzylguanine			0.4920535714285714	0.7423266219239374	0.031706119508528134
plx-4720			0.48523809523809525	0.7344144144144145	0.02096236553606497
brd-k19103580			0.4817708333333333	0.7308126410835214	0.008714310074857023
brd-k85133207			0.4624702380952381	0.7031221719457014	-0.041715373580268104
ku-60019			0.4622172619047619	0.7031221719457014	-0.041967406754110585
azd7545			0.4555952380952381	0.6958181818181818	-0.04830667017841979
kin001-236			0.4552083333333333	0.6958181818181818	-0.04862633635463274
trifluoperazine			0.45483630952380955	0.6958181818181818	-0.04901755196671018
hg-5-88-01			0.45040178571428574	0.692608695652174	-0.05298448949383479
sch-529074			0.4475595238095238	0.6898165137614678	-0.05540033687423284
pd 153035			0.44511904761904764	0.6876321839080459	-0.057111766634731095
tki258			0.4420982142857143	0.6845391705069124	-0.05920636638381948
elcpk			0.4382440476190476	0.6801385681293302	-0.06227986438915503
mln2238			0.4370386904761905	0.679837962962963	-0.06357838203629261
a-804598			0.4297172619047619	0.6699999999999999	-0.07113922632642686
bec			0.42248511904761904	0.6602558139534884	-0.07755485236152879
bms-195614			0.42227678571428573	0.6602558139534884	-0.07772943506865802
ml258			0.42227678571428573	0.6602558139534884	-0.0777491712360684
dacarbazine			0.42196428571428574	0.6602558139534884	-0.07809078694470746
pd-0325901			0.4175892857142857	0.6587323943661972	-0.08141359004819752
ruxolitinib			0.4156547619047619	0.6572235294117648	-0.08304091796410645
gant-61			0.4076190476190476	0.6460377358490565	-0.08977080328246725
dexamethasone			0.39694940476190477	0.6306146572104019	-0.0978838265324712
ac55649			0.3904166666666667	0.6217061611374408	-0.10242609666593033
silmitasertib			0.38970238095238097	0.6217061611374408	-0.10284688784722064
vaf-347			0.38720238095238096	0.6195238095238096	-0.10435652268728847
brd-k01737880			0.3803869047619048	0.6100715990453461	-0.10859954941763916
bexarotene			0.37825892857142857	0.6081100478468899	-0.1096951489281887
pyr-41			0.3746130952380952	0.6036930455635491	-0.1114114023901352
brd9647			0.3741220238095238	0.6036930455635491	-0.11161854436745251
bi-2536			0.36526785714285714	0.5914698795180723	-0.11562701733501851
brd-k49290616			0.363139880952381	0.5894444444444444	-0.11660067919937847
rtrail			0.36223214285714284	0.5893946731234866	-0.1170543180769808
pyrazolanthrone			0.35507440476190477	0.5791504854368932	-0.12039766147908024
ponatinib			0.3528125	0.5768613138686131	-0.12139485358105329
blebbistatin			0.3523809523809524	0.5768613138686131	-0.1215865767262599
triptolide			0.350014880952381	0.5750855745721273	-0.12268804916761378
cetuximab			0.3492410714285714	0.5750855745721273	-0.12309733993351928
fgin-1-27			0.3476934523809524	0.5740786240786241	-0.12391849960630555
idelalisib			0.3475892857142857	0.5740786240786241	-0.12396038126158475
tamatinib			0.34665178571428573	0.5740786240786241	-0.1244509837110204
mgcd-265			0.3456845238095238	0.5740786240786241	-0.12497122633818149
zstk474			0.3391369047619048	0.5655086848635236	-0.12780220435943856
brd-k28456706			0.33834821428571427	0.5655086848635236	-0.12823800858655693
pluripotin			0.3333779761904762	0.5586783042394016	-0.1302371305074534
ci-976			0.3298511904761905	0.55415	-0.13158657761354275
azd4547			0.3289285714285714	0.553984962406015	-0.1318728643048071
brd-k41597374			0.32174107142857145	0.5432412060301508	-0.134597101069987
sunitinib			0.3201041666666667	0.5418387909319899	-0.13531835078960464
pifithrin-alpha			0.3171130952380952	0.5381313131313131	-0.1366016944456531
nilotinib			0.31532738095238094	0.5364556962025316	-0.13745818807334617
az-3146			0.3115476190476191	0.5313705583756345	-0.13910146142437105
brd-k29086754			0.310625	0.5311450381679389	-0.13956275000916896
brd-k33199242			0.308735119047619	0.5292602040816325	-0.1403805578891231
cd-437			0.30505952380952384	0.5242966751918159	-0.1420209592810865
ipa-3			0.3007886904761905	0.5182820512820513	-0.1438728050491571
docetaxel			0.2962202380952381	0.5117223650385604	-0.1459540840666826
clofarabine			0.29358630952380954	0.5084793814432991	-0.14709316558887592
bafilomycin a1			0.2924702380952381	0.5078552971576228	-0.14757586933489572
agk-2			0.2903422619047619	0.5054663212435234	-0.14832399493481382
ng-25			0.28386904761904763	0.4954805194805195	-0.1501456200323268
nsc95397			0.2771577380952381	0.4850260416666667	-0.15223236590926148
pf-573228			0.27419642857142856	0.4810966057441253	-0.15316179748074335
mk-2206			0.26936011904761903	0.473848167539267	-0.15471870924121234
gw-843682x			0.2692559523809524	0.473848167539267	-0.1547710356107305
omipalisib			0.2648809523809524	0.46842105263157896	-0.15598892834277733
sr8278			0.2646428571428571	0.46842105263157896	-0.15604722548226357
3-cl-ahpc			0.26007440476190474	0.4623544973544973	-0.15750327320925922
brd-k63431240			0.256547619047619	0.45729442970822276	-0.15887669224690407
unc0321			0.2540029761904762	0.4539627659574468	-0.15967774790338016
cil41			0.25346726190476193	0.4539627659574468	-0.15985803022736297
col-3			0.25346726190476193	0.4539627659574468	-0.1598644211167573
nsc 74859			0.2513095238095238	0.45276139410187666	-0.16063074725735227
lenvatinib			0.24779761904761904	0.4476344086021505	-0.16192123736051067
importazole			0.24708333333333332	0.4475471698113207	-0.16220177129774094
sorafenib			0.24627976190476192	0.4472972972972973	-0.1625081153589203
c6-ceramide			0.24269345238095238	0.4419783197831978	-0.16379101635768759
vorapaxar			0.24144345238095238	0.44089673913043476	-0.1643434714274883
spautin-1			0.24095238095238095	0.44089673913043476	-0.1645699261450183
brd-k66453893			0.2374702380952381	0.43601092896174864	-0.16590887373897922
abiraterone			0.23669642857142856	0.4357808219178082	-0.16621702413098927
pf-543			0.23575892857142858	0.4352472527472528	-0.1666272329394909
ibrutinib			0.23453869047619047	0.43418732782369146	-0.1670946582934481
brd-k97651142			0.23450892857142858	0.43418732782369146	-0.16713737919972568
veliparib			0.23441964285714287	0.43418732782369146	-0.16715833480578027
temozolomide			0.23388392857142856	0.43418732782369146	-0.16742337367425633
azd8055			0.2322172619047619	0.43418732782369146	-0.1682881141745121
brd-k64610608			0.2289732142857143	0.42980446927374305	-0.16966175193411717
brivanib			0.22703869047619046	0.42736694677871145	-0.17052574843369675
brd8899			0.22413690476190476	0.4230898876404494	-0.17198039060879072
birinapant			0.2220238095238095	0.42028169014084504	-0.17285906239185578
brefeldin a			0.22083333333333333	0.4192090395480226	-0.1733990127443834
fluorouracil			0.22066964285714286	0.4192090395480226	-0.17349580566957418
gdc-0941			0.22029761904761905	0.4192090395480226	-0.17372077762135785
kin001-260			0.21983630952380953	0.4192090395480226	-0.17395140327181396
brd-a02303741			0.2134375	0.4098	-0.1770438674372681
brd-a05715709			0.21300595238095238	0.4098	-0.1772335505071452
sepantronium bromide			0.21299107142857143	0.4098	-0.17725526670093292
bibr-1532			0.2127529761904762	0.4098	-0.17737108530663143
pf-184			0.2110267857142857	0.4098	-0.1781743669299591
phenformin			0.21099702380952381	0.4098	-0.1781904067165591
ic-87114			0.20875	0.4077906976744186	-0.1792156650854371
darinaparsin			0.20546130952380953	0.4025364431486881	-0.18081448006576006
t0901317			0.20471726190476192	0.40225146198830414	-0.1812538573613908
tg-100-115			0.20376488095238096	0.40155425219941354	-0.18170093998268158
camptothecin			0.20238095238095238	0.4	-0.18232171498498076
gsk2636771			0.20223214285714286	0.4	-0.18237888529391397
phloretin			0.20126488095238096	0.4	-0.18281110402002257
bortezomib			0.20095238095238097	0.4	-0.18295694537728197
yk 4-279			0.19785714285714287	0.39571428571428574	-0.1841888263625858
brd-k55116708			0.19773809523809524	0.39571428571428574	-0.18427917326460277
at-406			0.19690476190476192	0.39571428571428574	-0.18481574672180553
brd-k34222889			0.19645833333333335	0.39571428571428574	-0.1850384622247132
brd-k02492147			0.19595238095238096	0.39571428571428574	-0.1853254885967211
parbendazole			0.19348214285714285	0.392809667673716	-0.18644545940001706
mitomycin			0.18909226190476192	0.3850606060606061	-0.18851286023822245
su11274			0.18669642857142857	0.3813373860182371	-0.18972972047164358
brd-k09344309			0.18147321428571428	0.37179878048780485	-0.19255508520804016
panobinostat			0.18147321428571428	0.37179878048780485	-0.19256142463898238
sitagliptin			0.1784970238095238	0.3679447852760736	-0.19412447385001377
srt-1720			0.1771875	0.3663692307692308	-0.19492203086970392
xl765			0.17461309523809523	0.3621604938271605	-0.19649028306353977
khs101			0.1720684523809524	0.3579876160990712	-0.19779142392709814
sb-225002			0.17086309523809523	0.356583850931677	-0.19842626735336508
byl-719			0.16889880952380953	0.35358255451713394	-0.1995824577357632
axitinib			0.1684970238095238	0.35358255451713394	-0.19992468897995624
etoposide			0.16848214285714286	0.35358255451713394	-0.19994673950587977
ispinesib mesylate			0.1681845238095238	0.35358255451713394	-0.20008576611635015
mln2480			0.16578869047619046	0.3514511041009464	-0.2014701574058383
hc-067047			0.16569940476190476	0.3514511041009464	-0.2015468557642369
fqi-2			0.16510416666666666	0.3514511041009464	-0.20189447466717295
gsk1059615			0.16480654761904762	0.3514511041009464	-0.2020814722178831
at-7519			0.16392857142857142	0.3514511041009464	-0.20259250615117985
pf-4800567 hydrochloride			0.1637797619047619	0.3514511041009464	-0.20270457718574014
brd1835			0.1617559523809524	0.3495176848874598	-0.20388613641047482
necrostatin-1			0.16168154761904763	0.3495176848874598	-0.20393222074146972
cd-1530			0.16017857142857142	0.3483495145631068	-0.20479391389838655
tacrolimus			0.1596577380952381	0.34834415584415584	-0.2050277958711163
salermide			0.1584375	0.3468078175895766	-0.20574495943629434
pdmp			0.15776785714285715	0.34647058823529414	-0.20610600931822531
tigecycline			0.15647321428571428	0.34475409836065574	-0.2067535372654125
brd-k80183349			0.1555952380952381	0.3439473684210526	-0.20747156762530813
at7867			0.15532738095238094	0.3439473684210526	-0.20764269610944636
kx2-391			0.1529613095238095	0.340364238410596	-0.2093054125527378
sj-172550			0.1528422619047619	0.340364238410596	-0.20944045732642436
bendamustine			0.14998511904761905	0.33596666666666664	-0.21117096458070186
cil56			0.14946428571428572	0.3359197324414716	-0.21161412500235463
isoliquiritigenin			0.14897321428571428	0.3359197324414716	-0.2118587202531319
tl-1-85			0.1488392857142857	0.3359197324414716	-0.21198953701812884
fluvastatin			0.14839285714285713	0.3359197324414716	-0.2122719063601002
cp466722			0.1476636904761905	0.3359197324414716	-0.21273774962211417
sch-79797			0.14729166666666665	0.3359197324414716	-0.21298472081534903
brd-k11533227			0.14729166666666665	0.3359197324414716	-0.21298937843821017
indisulam			0.1457142857142857	0.33534246575342463	-0.21427968024917712
iox2			0.14519345238095238	0.3352920962199313	-0.2146419076747734
kw-2449			0.14410714285714285	0.33393103448275857	-0.21539309366835066
jw-480			0.1433482142857143	0.33332179930795847	-0.21594965426618024
qw-bi-011			0.1428720238095238	0.33332179930795847	-0.21629642862157442
isoevodiamine			0.1428720238095238	0.33332179930795847	-0.21629661924182747
gsk461364			0.14254464285714286	0.33332179930795847	-0.2165322115355214
gsk429286a			0.14233630952380952	0.33332179930795847	-0.21664694951422755
tw-37			0.14029761904761906	0.33197183098591554	-0.2180909612074751
brd-k30019337			0.13953869047619047	0.3313427561837456	-0.21847191414694223
gsk525762a			0.13924107142857142	0.3313427561837456	-0.21869141653602464
n9-isopropylolomoucine			0.13773809523809524	0.3293950177935943	-0.21999949600355417
brd-a71883111			0.1365625	0.32775	-0.22099726131054165
temsirolimus			0.1358184523809524	0.3271326164874552	-0.22158074333516137
mk-1775			0.13498511904761903	0.32629496402877695	-0.22228768214132022
cp724714			0.13328869047619046	0.3233574007220216	-0.22356573819674697
le-135			0.1322470238095238	0.3219927536231884	-0.22427405479294293
tacedinaline			0.13102678571428572	0.3201818181818182	-0.22516085268246916
tipifarnib-p1			0.1288392857142857	0.315985401459854	-0.22670923486061487
chm-1			0.1284970238095238	0.315985401459854	-0.22702142648847104
quizartinib			0.12651785714285715	0.31257352941176475	-0.22832507382102699
qs-11			0.12455357142857143	0.3088560885608856	-0.22954149698661674
rg-108			0.12360119047619048	0.30762962962962964	-0.23023141298373564
obatoclax			0.1218154761904762	0.3043122676579926	-0.2317114816448437
y-39983			0.1218154761904762	0.3043122676579926	-0.23172021437701654
thz-2-49			0.1196875	0.3012359550561798	-0.2333465790693273
ifosfamide			0.11959821428571428	0.3012359550561798	-0.23342361126141964
bax channel blocker			0.11898809523809524	0.3012359550561798	-0.23399097678848038
ki8751			0.11848214285714286	0.3012359550561798	-0.234329437668853
cil55a			0.11825892857142857	0.3012359550561798	-0.2345422019294887
fqi-1			0.11697916666666666	0.3000381679389313	-0.23568983863407594
nvp-adw742			0.11446428571428571	0.2947126436781609	-0.23782779422325395
cay10576			0.1119345238095238	0.28930769230769227	-0.2398303039683554
brd9876			0.11069940476190476	0.2872200772200772	-0.24071760652088375
erastin			0.10946428571428571	0.2851162790697674	-0.24154385900584147
cytarabine hydrochloride			0.10819940476190476	0.2829182879377432	-0.2424746829575159
brd-k34485477			0.10818452380952381	0.2829182879377432	-0.24249544578899962
valdecoxib			0.10794642857142857	0.2829182879377432	-0.24271033774573
palmostatin b			0.10622023809523809	0.28102362204724407	-0.24382302098075004
triazolothiadiazine			0.10578869047619048	0.28098814229249014	-0.24411620473608767
cx-5461			0.10578869047619048	0.28098814229249014	-0.2441182035280581
chlorambucil			0.10324404761904762	0.27641434262948206	-0.24611200817415682
prl-3 inhibitor i			0.10258928571428572	0.27576	-0.24666917822514353
brd8958			0.10105654761904762	0.2727309236947791	-0.24774158634701857
tipifarnib-p2			0.10049107142857143	0.2722983870967742	-0.24819856545734534
lrrk2-in-1			0.10038690476190476	0.2722983870967742	-0.24837199087071005
alisertib			0.09672619047619048	0.2642276422764228	-0.2511766574186639
r428			0.0965922619047619	0.2642276422764228	-0.2513040326913876
xmd15-27			0.09644345238095238	0.2642276422764228	-0.25144279187617
sid 26681509			0.09550595238095239	0.2641152263374486	-0.2522901931414893
kin001-266			0.09546130952380952	0.2641152263374486	-0.25237880283968517
jw-7-24-1			0.09459821428571429	0.2637759336099585	-0.25334260261227615
tandutinib			0.09383928571428571	0.26275	-0.2542363492733699
stemregenin 1			0.09339285714285714	0.2625941422594142	-0.25462674834255267
hyperforin			0.09337797619047619	0.2625941422594142	-0.25463372019543123
stf-62247			0.09267857142857143	0.2625941422594142	-0.25544409665924994
necrostatin-7			0.09208333333333334	0.2622033898305085	-0.2559640364772658
pac-1			0.09150297619047619	0.26165957446808513	-0.25655473258536826
npk76-ii-72-1			0.09123511904761905	0.26165957446808513	-0.2568232764490192
brd-k70511574			0.09072916666666667	0.26165957446808513	-0.2574294287022857
unc0638			0.08913690476190476	0.2581896551724138	-0.25918228312418085
brd-m00053801			0.08880952380952381	0.2581896551724138	-0.25954063923761655
bms-270394			0.08794642857142858	0.2569565217391305	-0.2605600054830779
tamoxifen			0.08723214285714286	0.2559825327510917	-0.26134479890103673
plx-4032			0.08584821428571429	0.2530263157894737	-0.2628210196376689
mk-0752			0.08584821428571429	0.2530263157894737	-0.26282148312045
pik-93			0.08583333333333333	0.2530263157894737	-0.2628580111399105
nvp-bsk805			0.08403273809523809	0.2509777777777778	-0.26482864238509596
purmorphamine			0.08383928571428571	0.2509777777777778	-0.2649500307230557
foretinib			0.08357142857142857	0.2509777777777778	-0.2653775808938849
ml311			0.08205357142857143	0.2483783783783784	-0.26737991949948997
nakiterpiosin			0.08052083333333333	0.24484162895927603	-0.26907270427714125
brd-k51490254			0.08016369047619047	0.24484162895927603	-0.2695996531766528
ex-527			0.07995535714285715	0.24484162895927603	-0.2698867248096778
ku-0063794			0.07989583333333333	0.24484162895927603	-0.2699321326790955
vx-11e			0.07973214285714286	0.24484162895927603	-0.27018654752660565
ar-42			0.07973214285714286	0.24484162895927603	-0.27019133412220236
hli 373			0.0796875	0.24484162895927603	-0.27030281739383544
dacinostat			0.07891369047619047	0.24484162895927603	-0.27120713612317915
pd-0332991			0.07880952380952382	0.24484162895927603	-0.27131692333299245
azd1480			0.07799107142857142	0.24484162895927603	-0.2726841850180841
compound 7d-cis			0.07751488095238095	0.24484162895927603	-0.27350547617066945
px-12			0.07726190476190477	0.24484162895927603	-0.27389057714469484
brd-k30748066			0.07665178571428571	0.24484162895927603	-0.2747018561916163
mg-132			0.0765922619047619	0.24484162895927603	-0.2748258746889425
prochlorperazine			0.07566964285714285	0.24484162895927603	-0.27598789051952927
am-580			0.07517857142857143	0.24484162895927603	-0.2766259149313907
ml029			0.07425595238095238	0.24341463414634143	-0.27765102740551295
bix-01294			0.07239583333333334	0.23848039215686279	-0.27991897197156146
brd-k24690302			0.0719047619047619	0.2380295566502463	-0.2804334759790834
ql-xi-92			0.07166666666666667	0.2380295566502463	-0.2806749864265496
vincristine			0.0712797619047619	0.2380295566502463	-0.28126137720711175
nsc-207895			0.07020833333333333	0.2359	-0.2827780550548942
plx4720			0.07016369047619048	0.2359	-0.2828264630442634
pitstop2			0.0700297619047619	0.2359	-0.2831374642714072
jw-74			0.06974702380952381	0.2359	-0.2834910408369157
ml006			0.06973214285714285	0.2359	-0.2835381963052011
nvp-bez235			0.06903273809523809	0.2359	-0.2844724198348853
1s,3r-rsl-3			0.06860119047619048	0.2359	-0.28489782565352095
b02			0.0681845238095238	0.2359	-0.2854695963150292
dbeq			0.06788690476190476	0.2359	-0.28582708110726
nvp-bhg712			0.06761904761904762	0.2359	-0.2862925409904064
mst-312			0.06717261904761905	0.2359	-0.2869310755007066
ml239			0.06700892857142857	0.2359	-0.28728167781689457
brd-k78574327			0.06674107142857143	0.2359	-0.2878004561925244
barasertib			0.06647321428571429	0.2359	-0.2882177034025001
ceranib-2			0.06636904761904762	0.2359	-0.2884780569435092
alvocidib			0.06590773809523809	0.2359	-0.289063677595146
istradefylline			0.06581845238095238	0.2359	-0.2894132057384778
ro4929097			0.06553571428571428	0.2359	-0.28963715077073887
curcumin			0.06464285714285714	0.2359	-0.29107751622621253
sirolimus			0.06458333333333334	0.2359	-0.2912685188163356
brd-k26531177			0.06339285714285714	0.2359	-0.2932141475360108
masitinib			0.06208333333333333	0.23307262569832402	-0.2952947684314535
brd1812			0.06169642857142857	0.23292134831460673	-0.2958271969151678
aew541			0.059895833333333336	0.22740112994350284	-0.2981099229796682
leptomycin b			0.059538690476190474	0.22732954545454542	-0.2986047843031163
cil70			0.058913690476190474	0.2262285714285714	-0.2997546446263438
nvp-231			0.05866071428571429	0.2262285714285714	-0.3001930855226574
nsc632839			0.05842261904761905	0.2262285714285714	-0.3005164698540467
at13387			0.05797619047619047	0.2262285714285714	-0.3009785800001683
fingolimod			0.057886904761904764	0.2262285714285714	-0.30110106373721657
iu1			0.05761904761904762	0.2262285714285714	-0.3016644636919044
oligomycin a			0.055714285714285716	0.22153846153846155	-0.3038975593982941
genentech cpd 10			0.05488095238095238	0.2195238095238095	-0.30491875634626686
bleomycin a2			0.05483630952380952	0.2195238095238095	-0.3049559106975127
regorafenib			0.05431547619047619	0.2195238095238095	-0.305679454983732
wp1130			0.05416666666666667	0.2195238095238095	-0.30584146665969025
cudc-101			0.05380952380952381	0.2195238095238095	-0.3062558129408568
abt-737			0.05364583333333333	0.2195238095238095	-0.3064241052227539
necrosulfonamide			0.0534375	0.2195238095238095	-0.30662730816543937
gossypol			0.052767857142857144	0.2195238095238095	-0.3072710291832785
isox			0.05269345238095238	0.2195238095238095	-0.3073107126628184
myricetin			0.05257440476190476	0.2195238095238095	-0.30738251814888506
gw-405833			0.05254464285714286	0.2195238095238095	-0.30745804324434806
nutlin-3			0.05212797619047619	0.2195238095238095	-0.30783009375939285
sb-525334			0.05151785714285714	0.2195238095238095	-0.3083321962759605
bms-536924			0.05080357142857143	0.2195238095238095	-0.3089262685613016
ml210			0.05075892857142857	0.2195238095238095	-0.3089428885061733
pl-di			0.05056547619047619	0.2195238095238095	-0.30917036924636454
ml162			0.04992559523809524	0.2195238095238095	-0.30968882619647453
wz4002			0.04973214285714286	0.2195238095238095	-0.3098527342007696
compound 1541a			0.04922619047619048	0.2195238095238095	-0.31018132315694685
ipr-456			0.04919642857142857	0.2195238095238095	-0.31019418717277775
skepinone-l			0.04883928571428572	0.2195238095238095	-0.31039534367538574
cay10603			0.04864583333333333	0.2195238095238095	-0.3105449368220144
ch-55			0.04770833333333333	0.2195238095238095	-0.3110805530590261
sz4ta2			0.04770833333333333	0.2195238095238095	-0.3110979129310312
nsc30930			0.04648809523809524	0.21694444444444447	-0.31209147536558746
cerulenin			0.04626488095238095	0.21694444444444447	-0.31223903550906235
elocalcitol			0.044821428571428575	0.21211267605633805	-0.313333942162875
brd6340			0.04361607142857143	0.2078723404255319	-0.3141116602523531
brd-k45681478			0.04325892857142857	0.20764285714285713	-0.31437734338404655
azd7762			0.043050595238095235	0.20764285714285713	-0.3145114641496351
pf-750			0.04287202380952381	0.20764285714285713	-0.3146227676676858
bms-754807			0.0428125	0.20764285714285713	-0.3146483605699257
ym201636			0.03979166666666667	0.19661764705882354	-0.31660739483464884
mitomycin-c			0.03900297619047619	0.19414814814814815	-0.3172200529690975
16-beta-bromoandrosterone			0.03849702380952381	0.1930597014925373	-0.3175747183406294
jq-1			0.03819940476190476	0.1930075187969925	-0.3177845512698154
kin001-270			0.03767857142857143	0.19181818181818183	-0.3182001822122088
xmd14-99			0.037529761904761906	0.19181818181818183	-0.31828448839639556
cyanoquinoline 11			0.03726190476190476	0.19181818181818183	-0.31846591017220854
xmd13-2			0.036830357142857144	0.19181818181818183	-0.31881093327146215
thalidomide			0.03632440476190476	0.190703125	-0.31918903357143275
itraconazole			0.03598214285714286	0.1903937007874016	-0.319452675668548
mdivi-1			0.03482142857142857	0.18571428571428572	-0.32037572086910626
cediranib			0.03269345238095238	0.17575999999999997	-0.3219106031043893
bx-912			0.03026785714285714	0.1640322580645161	-0.3244523350122547
tivozanib			0.02956845238095238	0.16154471544715449	-0.3255060908850311
cucurbitacin i			0.029136904761904763	0.16049180327868853	-0.32618037872137984
cay10618			0.028601190476190474	0.15884297520661156	-0.3268310029602357
cal-101			0.026488095238095238	0.14833333333333332	-0.3311066815917429
narciclasine			0.026160714285714287	0.1477310924369748	-0.3316728629053028
prima-1			0.02611607142857143	0.1477310924369748	-0.3317295850394747
brd-k51831558			0.026056547619047618	0.1477310924369748	-0.331912383007152
thz-2-102-1			0.025788690476190475	0.1477310924369748	-0.332406716047617
sb-743921			0.025520833333333333	0.1477310924369748	-0.3329439376203907
serdemetan			0.024717261904761905	0.14570175438596492	-0.3345312933851194
smer-3			0.024166666666666666	0.14371681415929202	-0.3354442058075586
etp-46464			0.023898809523809524	0.14339285714285716	-0.33595461224192885
epigallocatechin-3-monogallate			0.023154761904761904	0.14018018018018016	-0.3375991027592553
tae684			0.023125	0.14018018018018016	-0.33773895019322664
ku 0060648			0.022782738095238095	0.14018018018018016	-0.3387765598081148
snx-2112			0.022738095238095238	0.14018018018018016	-0.33894523336645926
gsk690693			0.022321428571428572	0.14018018018018016	-0.33984702298410047
nsc23766			0.022321428571428572	0.14018018018018016	-0.33988714363030165
nsc19630			0.022232142857142857	0.14018018018018016	-0.3401363573646336
aica ribonucleotide			0.02169642857142857	0.14018018018018016	-0.3410058081596565
ym-155			0.021294642857142856	0.13893203883495145	-0.34216173093011204
entinostat			0.020625	0.13588235294117648	-0.3441907262826976
pifithrin-mu			0.02032738095238095	0.13524752475247526	-0.34495479687676384
ly-2183240			0.02025297619047619	0.13524752475247526	-0.34515229846774526
omacetaxine mepesuccinate			0.019985119047619047	0.13524752475247526	-0.3459081730640267
compound 23 citrate			0.01992559523809524	0.13524752475247526	-0.3461417307098098
nsc48300			0.019330357142857142	0.13391752577319588	-0.348439875017761
raf265			0.017514880952380952	0.12260416666666667	-0.3564346015784014
apicidin			0.017455357142857144	0.12260416666666667	-0.35682956737109
navitoclax			0.016726190476190478	0.1195744680851064	-0.3605007600753408
i-bet151			0.016324404761904762	0.11795698924731182	-0.36260289881857904
linsitinib			0.016205357142857143	0.11795698924731182	-0.3634209219851761
sgx-523			0.015580357142857142	0.11505494505494505	-0.3674697422207692
kpt185			0.015148809523809524	0.11311111111111112	-0.3708742639056228
ml050			0.0146875	0.11089887640449438	-0.3757568694835594
motesanib			0.014389880952380953	0.10988636363636363	-0.37829058616795824
brd-k90370028			0.014375	0.10988636363636363	-0.37853242039382545
osi-930			0.013973214285714285	0.10918604651162792	-0.3804287710956719
ski-ii			0.01325892857142857	0.1048235294117647	-0.38554508271396154
i-bet-762			0.01318452380952381	0.1048235294117647	-0.38685960360059946
ql-xii-47			0.012663690476190476	0.10253012048192771	-0.3911882604282792
tpca-1			0.012514880952380953	0.10253012048192771	-0.39185981343230275
brd-k92856060			0.012425595238095237	0.10253012048192771	-0.3921776833287598
sb52334			0.01224702380952381	0.10253012048192771	-0.3926030909159878
imatinib			0.01212797619047619	0.10253012048192771	-0.3928461414431475
fedratinib			0.011473214285714286	0.09884615384615385	-0.39522173712670144
ql-xii-61			0.0109375	0.09545454545454546	-0.3978302095476219
tivantinib			0.010520833333333333	0.09302631578947368	-0.40182315664933005
methotrexate			0.010014880952380952	0.08973333333333333	-0.40636444175422687
rigosertib			0.009449404761904761	0.08581081081081081	-0.41632146685998245
tosedostat			0.009017857142857143	0.083013698630137	-0.42363421941753027
paclitaxel			0.008898809523809524	0.083013698630137	-0.4248200335319061
pf-3758309			0.008779761904761905	0.083013698630137	-0.4274666469258343
stf-31			0.008705357142857143	0.083013698630137	-0.42813371269677075
brd-k33514849			0.008526785714285714	0.083013698630137	-0.42966221614375516
gsk1070916			0.00824404761904762	0.08147058823529413	-0.434212299810327
vx-680			0.008214285714285714	0.08147058823529413	-0.4343440187296684
tretinoin			0.00818452380952381	0.08147058823529413	-0.4351656844640091
brd-k37390332			0.008125	0.08147058823529413	-0.436643280301526
dinaciclib			0.008125	0.08147058823529413	-0.4366833591713378
methylstat			0.00806547619047619	0.08147058823529413	-0.4401448167156976
manumycin a			0.00806547619047619	0.08147058823529413	-0.44034154490769883
belinostat			0.00793154761904762	0.08147058823529413	-0.44442138628320244
pha-793887			0.007857142857142858	0.08147058823529413	-0.4472151744358776
gsk-j4			0.00744047619047619	0.08147058823529413	-0.4553483941117946
birb-796			0.007321428571428572	0.08147058823529413	-0.45833821280653736
daporinad			0.0071577380952380955	0.08147058823529413	-0.4605688265742359
parthenolide			0.007098214285714286	0.08147058823529413	-0.4612134557430876
bardoxolone methyl			0.007083333333333333	0.08147058823529413	-0.46147416912720113
sns-032			0.006636904761904762	0.08147058823529413	-0.46388120350736756
alectinib			0.0066071428571428574	0.08147058823529413	-0.46454290977811535
fulvestrant			0.0062202380952380955	0.08038461538461539	-0.46696504896146823
crizotinib			0.006101190476190476	0.08038461538461539	-0.46791635578068264
piperlongumine			0.006101190476190476	0.08038461538461539	-0.46797808774999916
decitabine			0.005892857142857143	0.08038461538461539	-0.46901529329068126
vx-702			0.005550595238095238	0.07770833333333334	-0.47236981564133285
brd-k88742110			0.005520833333333333	0.07770833333333334	-0.4728167444060512
brd-a94377914			0.005238095238095238	0.07652173913043477	-0.4742517255405803
sr-ii-138a			0.004851190476190476	0.07244444444444444	-0.4759628890418388
pandacostat			0.004717261904761905	0.07204545454545454	-0.47649577179103564
repligen 136			0.004613095238095238	0.07204545454545454	-0.47706927659251036
brd-k61166597			0.004375	0.07	-0.47888356177615304
lbh-589			0.004360119047619048	0.07	-0.47933984903015103
tl-2-105			0.0040029761904761905	0.06725	-0.4805262193890451
ciclopirox			0.0039880952380952385	0.06725	-0.48061915848524256
brd-k66532283			0.003898809523809524	0.06725	-0.48091817567446554
pi-103			0.0035863095238095237	0.06513513513513514	-0.48193454324666846
lomeguatrib			0.0032589285714285715	0.060833333333333336	-0.4831427999513538
zm447439			0.0030952380952380953	0.05942857142857143	-0.4845430802838048
osi-027			0.003005952380952381	0.05941176470588235	-0.48645457012203613
cr-1-31b			0.0029017857142857144	0.0590909090909091	-0.48718986360408706
cimetidine			0.0024851190476190476	0.052187500000000005	-0.48922154525192646
tubastatin a			0.0022916666666666667	0.04967741935483871	-0.4906623295347907
mps-1-in-1			0.0022470238095238094	0.04967741935483871	-0.4908960307524496
ql-x-138			0.0022172619047619046	0.04967741935483871	-0.4915339651221674
avrainvillamide			0.0020982142857142857	0.04967741935483871	-0.4924841387757044
sb-505124			0.0019940476190476192	0.04962962962962963	-0.49426123614565415
gmx-1778			0.001875	0.04846153846153846	-0.49765125849079156
brd-k35604418			0.0018154761904761905	0.04846153846153846	-0.504763608264115
pf2341066			0.001636904761904762	0.04583333333333334	-0.519799080812625
niclosamide			0.0015773809523809523	0.04583333333333334	-0.5214901819839319
linifanib			0.0015625	0.04583333333333334	-0.5217663016516855
ml031			0.0010267857142857142	0.032857142857142856	-0.5452161225739081
ouabain			0.0010119047619047618	0.032857142857142856	-0.5526395818337961
amuvatinib			0.0009226190476190477	0.03263157894736842	-0.5653422059649951
rita			0.0009077380952380952	0.03263157894736842	-0.5659338155125027
bms-345541			0.000818452380952381	0.03235294117647059	-0.5732161584798288
vorinostat			0.0007589285714285714	0.031875	-0.5815034729222434
cct036477			0.0007589285714285714	0.031875	-0.5821023735793046
kh-cb19			0.000744047619047619	0.031875	-0.5965448142030496
brd-k29313308			0.0006696428571428571	0.031875	-0.6096461315934433
mi-2			0.0006398809523809524	0.031875	-0.6158262285052798
merck60			0.0005803571428571429	0.031875	-0.6174361571958318
hbx-41108		0.05238704347468719	0.0005208333333333333	0.031875	-0.6209904449664235
topotecan		0.06831311055661196	0.0004910714285714286	0.031875	-0.6229938040596208
5-fluorouracil		0.08299299285997527	0.0003869047619047619	0.031875	-0.6262691621684833
neuronal differentiation inducer iii		0.05083227614622321	0.0003869047619047619	0.031875	-0.6269773950176166
irinotecan		0.06830782215382095	0.00026785714285714287	0.030000000000000002	-0.6307850150802217
wz3105		0.06849050701013387	0.00019345238095238096	0.026000000000000002	-0.6317086775441455
lbw242		0.042212646116326004	0.00011904761904761905	0.02	-0.702979557505874
brd-a86708339		0.05195821486440896	8.928571428571429e-05	0.02	-0.7396346513514376
sotrastaurin		0.052604968929778055	2.9761904761904762e-05	0.01	-0.7485494324563801
marinopyrrole a		0.03471541640100747	1.4880952380952381e-05	0.01	-0.8771911441447842
