Name	Score(0.95 MoE)	0.95 MoE	p-value	FDR	Score
brd-k35604418		0.02326505018347579	2.5595238095238097e-05	0.008538461538461538	0.79514183656323
5-fluorouracil		0.03696663021183903	5.758928571428571e-05	0.008538461538461538	0.762281139319316
snx-2112		0.04838700058891434	7.232142857142858e-05	0.008538461538461538	0.7535704251230685
ml031		0.04712511713738009	7.559523809523809e-05	0.008538461538461538	0.7517736349589874
pha-793887		0.03444197160177686	8.720238095238095e-05	0.008538461538461538	0.7472920696130915
ql-xii-61		0.04553135473548754	9.880952380952381e-05	0.008538461538461538	0.742778532863462
erastin		0.03712610568728705	0.00010029761904761905	0.008538461538461538	0.7422026728760995
methotrexate		0.050594685507853614	0.00010967261904761905	0.008538461538461538	0.7390381713446934
smer-3		0.02954260371987633	0.0001244047619047619	0.008538461538461538	0.7354649298157152
ouabain		0.025989947263705713	0.00013422619047619047	0.008538461538461538	0.7332078789649005
marinopyrrole a			0.00014613095238095238	0.008538461538461538	0.7304382483269093
topotecan			0.0001619047619047619	0.008538461538461538	0.7269054075588443
irinotecan			0.00016517857142857144	0.008538461538461538	0.7261961652131703
ku-0063794			0.00022395833333333333	0.010373333333333333	0.7136995003547446
nsc48300			0.00023154761904761904	0.010373333333333333	0.711938101052042
rigosertib			0.0003014880952380952	0.011600000000000001	0.7013533097617916
pitstop2			0.00031220238095238095	0.011600000000000001	0.7000328148073092
manumycin a			0.00033645833333333336	0.011600000000000001	0.6966080392614704
ml311			0.00034032738095238094	0.011600000000000001	0.6959967529558535
bms-345541			0.00034523809523809523	0.011600000000000001	0.6951049960856623
pf-3758309			0.0003650297619047619	0.01168095238095238	0.6926737836418689
barasertib			0.0004023809523809524	0.01229090909090909	0.687912056391285
lrrk2-in-1			0.00043125	0.012599999999999998	0.6840709125239288
bleomycin a2			0.0005035714285714285	0.01312962962962963	0.6754754954602669
cct036477			0.0005178571428571428	0.01312962962962963	0.6743746453943777
phloretin			0.0005226190476190476	0.01312962962962963	0.673764051259031
paclitaxel			0.0005275297619047619	0.01312962962962963	0.673232609185185
ski-ii			0.0005849702380952381	0.014039285714285714	0.668146132105964
serdemetan			0.0006297619047619048	0.014255882352941177	0.6647809124279432
ly-2183240			0.0006452380952380952	0.014255882352941177	0.6634558773016586
kpt185			0.0007038690476190476	0.014255882352941177	0.6591348699730992
hyperforin			0.0007056547619047619	0.014255882352941177	0.6589609665763893
ml050			0.0007110119047619047	0.014255882352941177	0.6584299389723988
brd-k90370028			0.000721279761904762	0.014255882352941177	0.6578257826312686
raf265			0.0007711309523809524	0.014450000000000001	0.6546987936343814
linifanib			0.0007741071428571429	0.014450000000000001	0.6545590319277059
alisertib			0.0008129464285714286	0.014764864864864866	0.6521418435324945
isox			0.0008418154761904761	0.014886842105263157	0.650158079597767
tivantinib			0.0008736607142857143	0.015053846153846154	0.6484632659141852
gdc-0941			0.000994940476190476	0.016530952380952382	0.6420242378222335
prl-3 inhibitor i			0.0010142857142857143	0.016530952380952382	0.6411148104108065
brd-k51490254			0.001033184523809524	0.016530952380952382	0.6401486913151853
ceranib-2			0.001072470238095238	0.016760465116279072	0.6382358913849611
curcumin			0.0011519345238095238	0.016782978723404254	0.6343875283909158
tacrolimus			0.001154315476190476	0.016782978723404254	0.6342952474107071
nvp-bez235			0.0011642857142857143	0.016782978723404254	0.6338262618100248
brd-k37390332			0.0011738095238095238	0.016782978723404254	0.63323145814056
stf-31			0.0012168154761904762	0.016918000000000002	0.6312290170700265
iu1			0.0012348214285714287	0.016918000000000002	0.630572476292987
methylstat			0.001258779761904762	0.016918000000000002	0.6295739411820823
cimetidine			0.0013233630952380953	0.017121153846153845	0.6267183321976884
etp-46464			0.0013248511904761905	0.017121153846153845	0.6266215655581091
tpca-1			0.001394047619047619	0.017675471698113208	0.6241495401715764
thz-2-102-1			0.0014370535714285713	0.01788333333333333	0.6224730889145561
leptomycin b			0.0015117559523809524	0.01847090909090909	0.6198140763274926
i-bet-762			0.0016388392857142858	0.019666071428571432	0.6157689061143211
avrainvillamide			0.0017257440476190476	0.02034561403508772	0.613310922659278
kin001-270			0.0018174107142857143	0.020425	0.6108298479886014
foretinib			0.0018183035714285714	0.020425	0.6108123415279925
nvp-adw742			0.0018236607142857143	0.020425	0.6106872121624872
epigallocatechin-3-monogallate			0.0018686011904761905	0.020428571428571428	0.6097550348660637
cil70			0.001902827380952381	0.020428571428571428	0.6087986224281117
tipifarnib-p1			0.0019151785714285714	0.020428571428571428	0.6084466592855573
bardoxolone methyl			0.0020510416666666667	0.021303076923076925	0.6050378745152382
apicidin			0.0020605654761904763	0.021303076923076925	0.6048837404200511
thalidomide			0.002096577380952381	0.021346969696969698	0.6040153767703331
birb-796			0.0021811011904761903	0.021597101449275364	0.6020067530182056
fedratinib			0.002211309523809524	0.021597101449275364	0.6011195650168223
triazolothiadiazine			0.002217559523809524	0.021597101449275364	0.6009344577939535
tl-1-85			0.002290625	0.021751351351351353	0.5991973136414831
brd-k66453893			0.0023616071428571427	0.021751351351351353	0.5976352945412855
pf2341066			0.0023738095238095237	0.021751351351351353	0.5974044852313574
nsc632839			0.0023894345238095237	0.021751351351351353	0.5970469159938798
gsk461364			0.0023952380952380952	0.021751351351351353	0.5967835819725255
omacetaxine mepesuccinate			0.0024802083333333334	0.02200526315789474	0.5948209454100527
indisulam			0.0024886904761904764	0.02200526315789474	0.5946609959184943
brd-k70511574			0.002698660714285714	0.023431707317073173	0.5896053865803932
kw-2449			0.0027364583333333334	0.023431707317073173	0.5887443010299886
clofarabine			0.002777232142857143	0.023431707317073173	0.5877970804500474
brd8899			0.0028078869047619046	0.023431707317073173	0.5870902452563365
cal-101			0.0028443452380952383	0.023431707317073173	0.5862241119599438
isoevodiamine			0.0028592261904761907	0.023431707317073173	0.5858082351914895
gmx-1778			0.002913095238095238	0.023585542168674697	0.584682268209355
brd-k34222889			0.0029973214285714286	0.02397857142857143	0.5829486604791616
nakiterpiosin			0.003078125	0.024335294117647063	0.5810256352312401
brd-k26531177			0.003129017857142857	0.024450000000000003	0.5800843778814866
b02			0.003183482142857143	0.02458965517241379	0.5788871479085272
at-7519			0.0033069940476190478	0.02525340909090909	0.576340276000474
prima-1			0.0034476190476190475	0.025913333333333333	0.5734375166859268
ki8751			0.003470535714285714	0.025913333333333333	0.5730196303788659
compound 7d-cis			0.0037561011904761903	0.02773736263736264	0.5675464164278611
parbendazole			0.003902529761904762	0.028505434782608693	0.5648946399654886
daporinad			0.004004761904761905	0.028937634408602152	0.5629401605315171
azd8055			0.00420625	0.030070212765957446	0.5594327513477876
chm-1			0.004278125	0.030262105263157892	0.5584963866476136
ch-55			0.004421577380952381	0.030422448979591836	0.5560201002406768
cediranib			0.004426488095238095	0.030422448979591836	0.5559697453976459
mdivi-1			0.004436607142857143	0.030422448979591836	0.5558370397137063
ml006			0.004625892857142857	0.0314	0.5527076778657075
cil41			0.005132142857142857	0.034488	0.5451309251634845
mk-0752			0.005392113095238096	0.03587623762376238	0.5416177683504566
bms-754807			0.005687053571428571	0.03641759259259259	0.5378805436644049
brd-k92856060			0.005703869047619048	0.03641759259259259	0.5377351753802588
vx-702			0.0057083333333333335	0.03641759259259259	0.5376705406445857
cay10618			0.005734523809523809	0.03641759259259259	0.5374090642790121
narciclasine			0.005765773809523809	0.03641759259259259	0.537081672695112
quizartinib			0.005815327380952381	0.03641759259259259	0.5364262636151953
vincristine			0.005852827380952381	0.03641759259259259	0.535973545751858
jw-74			0.006044047619047619	0.036884821428571433	0.5337418260784295
brd-a86708339			0.006078720238095238	0.036884821428571433	0.5334796594832985
srt-1720			0.006106696428571428	0.036884821428571433	0.5331761843746222
ispinesib mesylate			0.006147470238095238	0.036884821428571433	0.5327600308067358
fluorouracil			0.006352232142857143	0.03763859649122807	0.5305237130696749
brd1835			0.0063851190476190475	0.03763859649122807	0.5301854018910659
pf-184			0.006686011904761905	0.038330833333333335	0.5272956435442955
repligen 136			0.006745238095238095	0.038330833333333335	0.5267060948182914
ex-527			0.006783928571428572	0.038330833333333335	0.5263247467912743
am-580			0.006824702380952381	0.038330833333333335	0.5259088020563457
axitinib			0.0068297619047619045	0.038330833333333335	0.5258587208926685
t0901317			0.0068447916666666666	0.038330833333333335	0.5257228137372776
sch-79797			0.007025446428571429	0.039017355371900826	0.5241680446896274
sotrastaurin			0.007340178571428571	0.040431147540983606	0.5215291719257262
bibr-1532			0.007466964285714286	0.040795121951219517	0.5205720770351883
chlorambucil			0.007544047619047619	0.04088387096774193	0.5199302167078683
parthenolide			0.007851488095238095	0.041994444444444445	0.5174675629476949
mst-312			0.007873958333333334	0.041994444444444445	0.5173001118194456
belinostat			0.00811235119047619	0.042925196850393706	0.5156881541207533
bi-2536			0.008209077380952381	0.04293798449612403	0.514949377162743
ro4929097			0.008242559523809524	0.04293798449612403	0.5147039927329865
kx2-391			0.008526190476190475	0.044026717557251904	0.5128705646195052
decitabine			0.008582589285714285	0.044026717557251904	0.5124672565931071
sb-743921			0.008728869047619048	0.04443787878787879	0.5115021537877512
niclosamide			0.00889642857142857	0.04495037593984962	0.5104429905891199
byl-719			0.00904419642857143	0.04534888888888888	0.5094889864847821
kin001-266			0.009110267857142857	0.04534888888888888	0.5090579987276841
hli 373			0.009303571428571428	0.04586496350364964	0.5078685521324797
brd1812			0.009350446428571428	0.04586496350364964	0.5076025492071217
temsirolimus			0.009501636904761905	0.04610287769784173	0.5066716708560294
alectinib			0.009536160714285714	0.04610287769784173	0.5064469494667926
aica ribonucleotide			0.009707291666666666	0.046595	0.5054560107333858
tipifarnib-p2			0.009955952380952381	0.047449645390070926	0.5040774105720371
sns-032			0.010055208333333333	0.047585211267605634	0.5035242891431586
dacarbazine			0.010333779761904761	0.04856153846153846	0.5018885658636588
brd-k24690302			0.010732589285714286	0.050085416666666674	0.49970408049720927
nvp-bsk805			0.010817559523809524	0.050133793103448274	0.4992722891395134
kh-cb19			0.01116875	0.05140684931506849	0.4972901365400352
ac55649			0.011395089285714286	0.05209183673469388	0.49602614256060296
elocalcitol			0.011629761904761905	0.05252147651006712	0.4947843766435951
brd-k78574327			0.011645386904761905	0.05252147651006712	0.4947304265301253
necrostatin-7			0.0121125	0.05398169934640523	0.49194409997048577
fulvestrant			0.012255059523809524	0.05398169934640523	0.49114462353062704
azd1480			0.012272916666666666	0.05398169934640523	0.4910674268336178
rita			0.01229047619047619	0.05398169934640523	0.49095838061045194
rg-108			0.012680208333333333	0.05502903225806451	0.4886932923239581
brd-k66532283			0.012692708333333334	0.05502903225806451	0.4886327896663047
px-12			0.013348511904761905	0.05750128205128205	0.4845635687609311
ml210			0.01375610119047619	0.058272670807453415	0.4819479625756362
brivanib			0.013865178571428572	0.058272670807453415	0.48133848448821265
nsc 74859			0.013889285714285715	0.058272670807453415	0.48118614222511014
tae684			0.013929166666666666	0.058272670807453415	0.48089994352117
sgx-523			0.013961160714285714	0.058272670807453415	0.4806712265530378
zstk474			0.01414985119047619	0.058695679012345674	0.47957672999293816
purmorphamine			0.01435907738095238	0.05919815950920245	0.47821273030551154
sb-225002			0.01479375	0.06061829268292683	0.4754165344741705
fqi-2			0.014957142857142856	0.06084491017964072	0.4745144975148414
mk-1775			0.015088541666666667	0.06084491017964072	0.4735839835824444
cil55a			0.015120684523809524	0.06084491017964072	0.4734299076553365
nvp-bhg712			0.015291369047619048	0.06108224852071006	0.47238565960322604
pf-573228			0.015361458333333333	0.06108224852071006	0.4719370538439029
merck60			0.015883035714285714	0.06146758241758243	0.4685893071897042
yk 4-279			0.015898958333333334	0.06146758241758243	0.4685549999824121
azd4547			0.015948958333333332	0.06146758241758243	0.4682207022343411
ponatinib			0.016080505952380954	0.06146758241758243	0.46753607175908374
motesanib			0.01609360119047619	0.06146758241758243	0.467472231043578
hg-5-88-01			0.01612217261904762	0.06146758241758243	0.4672309923741084
nsc19630			0.016208630952380954	0.06146758241758243	0.4667867244257366
vx-11e			0.016336607142857142	0.06146758241758243	0.46606794687495884
vorinostat			0.01633764880952381	0.06146758241758243	0.46604682535271413
entinostat			0.01646949404761905	0.06146758241758243	0.4651504202258419
regorafenib			0.01647738095238095	0.06146758241758243	0.46509763348783273
cytarabine hydrochloride			0.016566964285714286	0.06146758241758243	0.46452865494454615
pik-93			0.01664747023809524	0.06146758241758243	0.4640423770642281
pac-1			0.016910267857142856	0.062096721311475415	0.46257041195381915
tamatinib			0.017415327380952382	0.06360380434782609	0.459800116133574
ym-155			0.017514880952380952	0.06362162162162162	0.4592698554495792
hbx-41108			0.017839434523809525	0.06419465240641711	0.45750656271674917
le-135			0.017863690476190477	0.06419465240641711	0.4573738690286705
az-3146			0.0183375	0.0655468085106383	0.45504425122664727
pdmp			0.018838541666666667	0.0668878947368421	0.4524734453632111
dacinostat			0.01891175595238095	0.0668878947368421	0.45220242086086193
at7867			0.019204017857142857	0.06756596858638744	0.4509567057623938
tacedinaline			0.019384375	0.06761813471502591	0.4499971013032291
jw-7-24-1			0.019420089285714287	0.06761813471502591	0.4498240778443765
crizotinib			0.019892857142857143	0.0684746192893401	0.4477553500904193
tretinoin			0.01991651785714286	0.0684746192893401	0.44765814811328714
isoliquiritigenin			0.02007232142857143	0.0684746192893401	0.4469992855482507
dinaciclib			0.020073660714285714	0.0684746192893401	0.44699372943198673
sepantronium bromide			0.02101964285714286	0.07099296482412061	0.44314890655268696
neuronal differentiation inducer iii			0.021023214285714287	0.07099296482412061	0.4431399765728744
cudc-101			0.022583630952380952	0.075881	0.43756334590295876
wz3105			0.022834523809523808	0.07602970297029703	0.4366285124103829
bix-01294			0.022854166666666665	0.07602970297029703	0.43658043089486565
brd-k51831558			0.023672321428571428	0.07799560975609755	0.4339429705766011
gsk1059615			0.023742708333333334	0.07799560975609755	0.43377053590832587
silmitasertib			0.023793303571428573	0.07799560975609755	0.4336540134088761
bms-536924			0.023964285714285716	0.0781747572815534	0.43310004897474863
tosedostat			0.02510863095238095	0.08151207729468599	0.42952713297326955
prochlorperazine			0.025507589285714286	0.08239138755980861	0.4283930429534731
brd-k80183349			0.02562470238095238	0.08239138755980861	0.4281257012478864
sirolimus			0.02595654761904762	0.08306095238095237	0.4270895471623653
cucurbitacin i			0.02641235119047619	0.08411895734597157	0.425964160272253
cil56			0.02702827380952381	0.08567452830188681	0.42423911319154556
amuvatinib			0.027462946428571427	0.08627348837209303	0.42303312013996097
at13387			0.027511309523809525	0.08627348837209303	0.42293240007909
mitomycin			0.02760238095238095	0.08627348837209303	0.42267330207315057
hc-067047			0.028019196428571428	0.08717083333333332	0.42161165791140676
gw-843682x			0.028601636904761904	0.08821559633027523	0.42007167207804447
mitomycin-c			0.028617559523809524	0.08821559633027523	0.42002209029193444
abiraterone			0.029200595238095237	0.08933090909090909	0.4184823229740782
compound 23 citrate			0.029245238095238095	0.08933090909090909	0.41838719472486485
mi-2			0.029529315476190476	0.08979049773755657	0.417725765300416
mgcd-265			0.030135714285714287	0.09122162162162163	0.41621136564991534
ql-xi-92			0.03138511904761905	0.09457757847533634	0.41321139941239704
pyrazolanthrone			0.031937797619047616	0.09571911111111112	0.4118683697263154
necrostatin-1			0.03204880952380952	0.09571911111111112	0.41163235948713656
ar-42			0.03225267857142857	0.09574273127753302	0.4111394882653555
r428			0.032341666666666664	0.09574273127753302	0.41098171516035126
cd-437			0.033155357142857146	0.09772105263157896	0.40896369510645325
dbeq			0.03438467261904762	0.10085260869565216	0.40612809699488733
ku 0060648			0.03451800595238095	0.10085260869565216	0.4058503355617057
vorapaxar			0.035002678571428573	0.10138884120171675	0.4046830154508737
brd-a71883111			0.03507514880952381	0.10138884120171675	0.4045580756391806
istradefylline			0.03515416666666667	0.10138884120171675	0.4043583310239827
xmd14-99			0.035524851190476193	0.10195974576271187	0.40349567105855183
etoposide			0.03577633928571428	0.10195974576271187	0.4029090506603037
ml162			0.035807291666666664	0.10195974576271187	0.4028262915729902
brd-k88742110			0.0369922619047619	0.10488945147679324	0.40003961462707355
masitinib			0.0371797619047619	0.1049781512605042	0.399602920552238
osi-027			0.038716517857142856	0.10847736625514404	0.3958100041702073
hg-5-113-01			0.039032589285714285	0.10847736625514404	0.39508446870090724
agk-2			0.03911622023809524	0.10847736625514404	0.394825475234783
stf-62247			0.039124255952380955	0.10847736625514404	0.3948052007242026
triptolide			0.03922619047619048	0.10847736625514404	0.39463103429518115
abt-737			0.039406696428571426	0.10852991803278689	0.3941799059300861
brd-k19103580			0.03995431547619047	0.10895060728744939	0.3928646712842555
tandutinib			0.04001770833333333	0.10895060728744939	0.3927549188323955
gsk1070916			0.040045833333333336	0.10895060728744939	0.39270455493905293
ml258			0.04104375	0.11121532258064515	0.39008044767356426
bms-270394			0.04276607142857143	0.11541686746987952	0.3856126599574479
brd-a94377914			0.04368779761904762	0.11721507936507937	0.38326142358788545
mps-1-in-1			0.04381190476190476	0.11721507936507937	0.38298504822159846
sr-ii-138a			0.043955654761904765	0.11721507936507937	0.38255418311838046
tamoxifen			0.04426086309523809	0.11737598425196852	0.3816850443100102
osi-930			0.044365327380952384	0.11737598425196852	0.3814022503089999
cerulenin			0.04460565476190476	0.11754901960784314	0.38083091959731735
zg-10			0.04529166666666667	0.11846536964980546	0.37902558706173345
importazole			0.045305952380952384	0.11846536964980546	0.37895255560310087
panobinostat			0.04610372023809524	0.12008410852713178	0.37695165670057246
sb-505124			0.04810877976190476	0.1248227799227799	0.37196838581688657
brd-k61166597			0.04890297619047619	0.12628045977011496	0.3701278651112944
pandacostat			0.049046428571428574	0.12628045977011496	0.3697891971028549
lbh-589			0.049694494047619046	0.12746068702290075	0.36820960350925586
nsc23766			0.051654761904761905	0.13198479087452472	0.3636610137177168
ql-x-138			0.05229702380952381	0.13265955056179776	0.3622733411800231
imatinib			0.05259107142857143	0.13265955056179776	0.3617608471131318
sunitinib			0.05263333333333333	0.13265955056179776	0.3616837594538486
brd-k29313308			0.052708482142857144	0.13265955056179776	0.3615241376331394
bms-195614			0.05324285714285714	0.1335044776119403	0.3604009889737065
zm447439			0.053758184523809524	0.13429553903345726	0.35930899376403425
khs101			0.05427261904761905	0.13507851851851851	0.3582843428961149
pi-103			0.05462232142857143	0.13544723247232474	0.3575827698180112
oligomycin a			0.05513258928571429	0.13596413043478262	0.35656380280524536
linsitinib			0.05539895833333333	0.13596413043478262	0.3560930205533214
fgin-1-27			0.05553422619047619	0.13596413043478262	0.3558363827351539
ng-25			0.05584181547619048	0.13596413043478262	0.3553194093124257
aew541			0.055842410714285716	0.13596413043478262	0.3553169486243711
tubastatin a			0.056645238095238096	0.13711258992805755	0.35374446575952667
ciclopirox			0.05672217261904762	0.13711258992805755	0.3536421813321532
brd-a02303741			0.060030654761904764	0.14458996415770609	0.34794200780015005
lomeguatrib			0.06061830357142857	0.14544255319148935	0.3469248422004875
cr-1-31b			0.060942410714285716	0.14544255319148935	0.34634997403976336
sb-525334			0.06103392857142857	0.14544255319148935	0.3462038078934953
camptothecin			0.061440327380952384	0.14589363957597173	0.3454588701322658
ql-xii-47			0.062022916666666664	0.14675845070422536	0.34459656736620736
sitagliptin			0.06254375	0.14747157894736843	0.34379071232791325
npk76-ii-72-1			0.06339732142857143	0.14896153846153848	0.34235788151372193
momelotinib			0.06482380952380952	0.15178257839721254	0.3402108076973523
myriocin			0.0651092261904762	0.1519215277777778	0.33979521771536203
cp466722			0.06628348214285715	0.15412629757785468	0.337977712471806
thz-2-49			0.06752916666666667	0.1564813793103448	0.33613679816481096
necrosulfonamide			0.06978348214285714	0.16114948453608247	0.3330646260015757
myricetin			0.07333675595238096	0.16836825938566552	0.3280107859170425
palmostatin b			0.07341056547619047	0.16836825938566552	0.3279349310633749
bax channel blocker			0.07438645833333334	0.17002619047619047	0.3266538389658137
mk-2206			0.07721116071428571	0.17588440677966102	0.32296809443453667
valdecoxib			0.07754404761904762	0.17604594594594597	0.322483518669511
sz4ta2			0.07962276785714285	0.18015656565656565	0.3197713475021297
tw-37			0.08167946428571428	0.18418993288590604	0.3172267784723121
xmd15-27			0.08223005952380952	0.18461866666666665	0.31653009109817687
alvocidib			0.08241904761904761	0.18461866666666665	0.3163232341402719
nsc95397			0.08407127976190476	0.18743344370860926	0.31431319027458116
lovastatin			0.08423348214285714	0.18743344370860926	0.3141073543024839
bendamustine			0.08484107142857143	0.18816237623762377	0.3133487568968789
wz4002			0.08548080357142857	0.18895756578947367	0.31251984403229516
gsk2636771			0.08593809523809524	0.18934557377049183	0.31199748470054756
brd-k29086754			0.0873938988095238	0.19190453074433658	0.31031851199205024
sr8278			0.08773199404761904	0.19190453074433658	0.30984688814090494
ifosfamide			0.08812395833333334	0.19190453074433658	0.3093587550845783
itraconazole			0.08824181547619048	0.19190453074433658	0.3092176829508058
su11274			0.08853303571428571	0.19191677419354836	0.3088746554888157
brd-k11533227			0.09070550595238096	0.19599389067524117	0.3063518940776757
tl-2-105			0.09240907738095239	0.1990349358974359	0.30422563217775755
pl-di			0.09335625	0.19985	0.303224591684935
y-39983			0.09338229166666667	0.19985	0.3031818994127466
nsc30930			0.09405565476190476	0.2006520634920635	0.3023215526482294
lbw242			0.09680431547619048	0.2058623417721519	0.2989629701303122
skepinone-l			0.09720133928571428	0.20602201257861638	0.29844125396319277
salermide			0.09749255952380953	0.20602201257861638	0.29811513577402043
brd-k45681478			0.09809315476190476	0.20664137931034485	0.2974728319638604
azd7762			0.09879776785714285	0.2074753125	0.2965956552585819
ruxolitinib			0.09915848214285715	0.2075841121495327	0.2961366419834233
cay10603			0.0998514880952381	0.20838571428571429	0.2952095119408438
cx-5461			0.10070550595238095	0.2095173374613003	0.29425247891897316
brd6340			0.1028016369047619	0.21321820987654322	0.2916048156018494
wiki4			0.10363497023809524	0.21428523076923078	0.29052193401464627
genentech cpd 10			0.10571949404761904	0.21792484662576686	0.2879348556248904
sr1001			0.1060703869047619	0.2179795107033639	0.2875033113359788
tg-101348			0.10797604166666666	0.22121920731707317	0.28517018648454157
lenvatinib			0.10881488095238095	0.22181727272727275	0.2841760489991968
wp1130			0.108928125	0.22181727272727275	0.28400082748918315
xl765			0.10933616071428572	0.22197552870090634	0.28352425323133673
1s,3r-rsl-3			0.11022946428571428	0.2220571856287425	0.2823647564612456
piperlongumine			0.11033467261904761	0.2220571856287425	0.28225340406376104
brd-k41597374			0.11036770833333333	0.2220571856287425	0.28220677579482883
nintedanib			0.11118139880952381	0.22212848664688428	0.28130687369195195
jw-480			0.11125818452380952	0.22212848664688428	0.28117398909136204
xmd13-2			0.11139479166666667	0.22212848664688428	0.28097708217513706
gossypol			0.11489925595238096	0.22839469026548676	0.2768597329297099
jq-1			0.11521696428571429	0.22839469026548676	0.27653907471507755
navitoclax			0.11702485119047619	0.23129617647058826	0.2744198724216565
brd-k02492147			0.11795252976190476	0.23244604105571848	0.27338354103141876
gant-61			0.1186139880952381	0.23306608187134506	0.27269555080627167
brd-k30019337			0.11904895833333333	0.23323877551020408	0.2721404103618205
nutlin-3			0.12089285714285715	0.2354318965517241	0.27028997211254635
ym201636			0.1211139880952381	0.2354318965517241	0.27003896415844897
fti-277			0.12182410714285714	0.2354318965517241	0.26929174969283065
gw-405833			0.12190892857142857	0.2354318965517241	0.26922443966427456
unc0321			0.12192008928571428	0.2354318965517241	0.2692130016395742
brd-k13999467			0.12290744047619048	0.23665845272206304	0.2682852350958611
cd-1530			0.12508973214285715	0.24017228571428573	0.2660515570607849
3-cl-ahpc			0.1255096726190476	0.24029202279202275	0.26563071994183374
gsk429286a			0.1265141369047619	0.24152698863636363	0.264748743374456
pf-750			0.1276375	0.24298130311614727	0.263607874423807
staurosporine			0.1298014880952381	0.24640282485875703	0.2616944032300077
bx-912			0.1311154761904762	0.2481960563380282	0.2604768920110756
i-bet151			0.1384230654761905	0.2612929775280899	0.25429076748854335
mg-132			0.1405107142857143	0.264490756302521	0.2527472142975961
bafilomycin a1			0.14576205357142857	0.2732099173553719	0.24862956485660348
col-3			0.14649672619047618	0.2732099173553719	0.2480385326239768
fluvastatin			0.1467876488095238	0.2732099173553719	0.24778603268642121
temozolomide			0.14695104166666667	0.2732099173553719	0.2476400660055513
brd9876			0.14722485119047618	0.2732099173553719	0.2474585039659523
compound 1541a			0.14758214285714286	0.2732099173553719	0.24717811529927336
n9-isopropylolomoucine			0.1489188988095238	0.2749271978021978	0.2461878671235444
idelalisib			0.1513779761904762	0.2779549180327869	0.24439725552967326
omipalisib			0.1513861607142857	0.2779549180327869	0.2443896363700543
fingolimod			0.15398824404761904	0.2819621253405995	0.2424968833889366
pd 153035			0.15868511904761906	0.28977282608695654	0.23907491120267566
azd7545			0.1592702380952381	0.2900531165311653	0.238643438323448
pyr-41			0.16105714285714287	0.2925145945945946	0.2373698204051195
brd-k30748066			0.1647861607142857	0.2984805929919137	0.23475134850140006
nvp-231			0.16586845238095238	0.2996333333333333	0.23395695160230792
doxorubicin			0.16940223214285716	0.30519651474530834	0.2315161595071908
16-beta-bromoandrosterone			0.16997172619047618	0.305403743315508	0.2311258382157377
kin001-260			0.17150699404761904	0.30734053333333333	0.2299560551615455
teniposide			0.1724016369047619	0.3081220744680851	0.2293994749984415
cytochalasin b			0.17445401785714285	0.31096312997347475	0.228017187983735
unc0638			0.17616815476190475	0.3131878306878307	0.22685259525315715
tki258			0.17740431547619048	0.3145532981530343	0.2259658923279122
brd-k33514849			0.18645	0.3297221052631579	0.21982398667454128
brd-m00053801			0.1886001488095238	0.3326490813648294	0.21843290446712277
brd-k34485477			0.1921110119047619	0.3379544502617801	0.21615983208710787
ibrutinib			0.1926626488095238	0.33803994778067886	0.21574371082506905
sorafenib			0.19541026785714286	0.34196796875	0.21401853836547166
tg-100-115			0.1961247023809524	0.34232675324675327	0.21351282951974498
osu-03012			0.19699464285714285	0.3429544041450777	0.2129874405444013
fr-180204			0.19915089285714285	0.3458124031007752	0.2116352744695948
a-804598			0.2018188988095238	0.3495420103092784	0.20985199740977695
brd-k49290616			0.20467366071428572	0.3535750642673522	0.20806213282024585
rtrail			0.20750505952380952	0.3567473145780051	0.20616204876114888
sb52334			0.2075717261904762	0.3567473145780051	0.20611394865228821
ml239			0.21130223214285715	0.36223239795918366	0.2036647205871451
pd173074			0.2174502976190476	0.3717692893401015	0.1995625236588939
brd-k75293299			0.217971875	0.3717692893401015	0.19919547433023488
docetaxel			0.2202330357142857	0.37467493670886076	0.197749501124889
semagacestat			0.2208922619047619	0.37484747474747476	0.19734279821836534
ml029			0.22250877976190475	0.3766395465994962	0.19611099920322478
plx-4032			0.22344166666666668	0.37726834170854273	0.19546657470445677
brd9647			0.2301452380952381	0.38761303258145363	0.1906026038867844
brd-k63431240			0.232215625	0.38936508728179553	0.1890549520266518
pd-0332991			0.23234434523809525	0.38936508728179553	0.18895724381304035
spautin-1			0.23345282738095238	0.3902495024875622	0.1881070659043721
phenformin			0.23887678571428572	0.3983255583126551	0.1839002128676265
sildenafil			0.2438732142857143	0.40565049504950496	0.1798564211086549
cyanoquinoline 11			0.24744002976190477	0.4105671604938272	0.17668075516134377
xav939			0.25021354166666665	0.41414655172413795	0.1744520539857023
vx-680			0.25510714285714287	0.4212088452088453	0.17032059838145922
at-406			0.2574778273809524	0.4240811274509804	0.16826772808244683
brefeldin a			0.25834285714285715	0.4244156097560975	0.16756982546964558
tivozanib			0.2589440476190476	0.4244156097560975	0.166971844649543
c6-ceramide			0.2608230654761905	0.4264552311435523	0.16538586587529988
brd-k09344309			0.2621267857142857	0.42754660194174754	0.16438572751573263
ci-976			0.26390729166666665	0.42923333333333336	0.16281767756252674
pifithrin-mu			0.2644383928571429	0.42923333333333336	0.16229078505587666
obatoclax			0.2653962797619048	0.42975012048192773	0.16153064920929652
brd-k97651142			0.26622068452380954	0.4300487980769231	0.1608168578478263
brd-k64610608			0.2669293154761905	0.4301594724220623	0.16034899113417067
brd-k55116708			0.26895416666666666	0.43143747016706446	0.1587381444697787
pifithrin-alpha			0.2690063988095238	0.43143747016706446	0.15872349373640235
cetuximab			0.2711516369047619	0.43384261904761906	0.15686912400721092
bay-61-3606			0.2789010416666667	0.444127962085308	0.1507714255716425
gsk690693			0.2789017857142857	0.444127962085308	0.15076745077628548
cytarabine			0.2803072916666667	0.44527264150943396	0.14962066367641497
z-llnle-cho			0.28094583333333334	0.44527264150943396	0.14910365997317823
ku-60019			0.2819712797619048	0.4458463529411765	0.14840905163046164
veliparib			0.29703050595238095	0.4685551643192489	0.137174461300277
vaf-347			0.3080080357142857	0.48473395784543327	0.12926112238824725
pf-543			0.3107995535714286	0.48798434579439254	0.12708556268223856
l-685458			0.31280223214285713	0.4899839160839161	0.12577916002269493
pevonedistat			0.3138453869047619	0.4904746511627907	0.12503380479819487
canertinib			0.32004136904761904	0.49878735632183907	0.12060927938571775
nvp-tae684			0.3214473214285714	0.49878735632183907	0.11958615077686499
sj-172550			0.3223979166666667	0.49878735632183907	0.11890753243622107
gsk-j4			0.3224389880952381	0.49878735632183907	0.11886457663894916
gemcitabine			0.32287574404761904	0.49878735632183907	0.1185803460655722
fqi-1			0.3264044642857143	0.5021088435374149	0.11616059271141746
brd-a05715709			0.3277355654761905	0.5021088435374149	0.11520438035160432
ku-55933			0.3286903273809524	0.5021088435374149	0.11456183521861339
plx4720			0.32907291666666666	0.5021088435374149	0.11422917720831655
bexarotene			0.32945342261904764	0.5021088435374149	0.11400046698409383
dexamethasone			0.32950892857142855	0.5021088435374149	0.11394562983009496
aa-cocf3			0.33238377976190475	0.505343665158371	0.11203981337429056
whi-p97			0.3338528273809524	0.5064313769751694	0.11113968308827055
cay10576			0.3391441964285714	0.5128903587443946	0.10754739851725897
ipr-456			0.3401311011904762	0.5128903587443946	0.10698245803529893
doramapimod			0.3404004464285714	0.5128903587443946	0.10675210253672451
brd-k96970199			0.3417880952380952	0.5138290827740493	0.10589683814955218
iox2			0.3437203869047619	0.5150017817371938	0.1046743830369529
pluripotin			0.34410089285714285	0.5150017817371938	0.10442617095379843
neopeltolide			0.34506934523809524	0.5153035555555556	0.10372356299530651
mln2480			0.3544340773809524	0.5281146341463415	0.09755076293850137
cct-018159			0.3632705357142857	0.540083628318584	0.09148919606626335
lenalidomide			0.36984613095238095	0.5486459161147902	0.0865462151611302
tw 37			0.3743702380952381	0.5523995614035088	0.08295333409561235
elcpk			0.3745540178571429	0.5523995614035088	0.08279788122646364
qw-bi-011			0.3748425595238095	0.5523995614035088	0.08248637678020569
as605240			0.38275089285714287	0.562819693654267	0.0760703763526899
brd-k34099515			0.38418988095238094	0.5630230936819172	0.07473073005828626
ml203			0.38456488095238095	0.5630230936819172	0.07448121145598302
pazopanib			0.3858827380952381	0.5637243478260869	0.07342289534264058
bicalutamide			0.39778184523809523	0.5798468546637744	0.063126768549872
brd-k28456706			0.39971919642857145	0.5804038876889849	0.06156459087001613
jw-7-52-1			0.39989136904761907	0.5804038876889849	0.061430026822047686
enzastaurin			0.40291994047619045	0.583539224137931	0.05870499572416383
ko-143			0.4112763392857143	0.5943606451612903	0.051623948273308906
ro-3306			0.4125520833333333	0.5949248927038626	0.050601390496120176
darinaparsin			0.41744181547619047	0.6006871520342613	0.0463471158466142
pf-4800567 hydrochloride			0.41859598214285715	0.6010608974358975	0.04550872650291434
ml320			0.4211465773809524	0.6034339019189766	0.04345580458003373
sid 26681509			0.4280647321428571	0.6096008474576271	0.03800812055072966
brd-k41334119			0.4281366071428571	0.6096008474576271	0.037968095243125756
brd-k01737880			0.4281720238095238	0.6096008474576271	0.03793782400028294
pelitinib			0.437940625	0.622190486257928	0.030807249182481553
nsc-207895			0.4400919642857143	0.6239278481012658	0.029534140377215374
cmk			0.4435145833333333	0.6270876050420168	0.027080538329748365
sb-431542			0.44418705357142857	0.6270876050420168	0.02668107492874942
s-trityl-l-cysteine			0.4488360119047619	0.632322431865828	0.02392825791202826
cisplatin			0.45215699404761905	0.6356684100418409	0.02187585502945943
simvastatin			0.4618074404761905	0.6472091666666666	0.01666476109744196
blebbistatin			0.4622922619047619	0.6472091666666666	0.016383406952246778
avagacestat			0.464484375	0.6489261954261955	0.015272525323314525
stemregenin 1			0.4683815476190476	0.652976811594203	0.013428216615068184
tigecycline			0.46932708333333334	0.652976811594203	0.013034364783429682
cabozantinib			0.4720046130952381	0.6553452479338844	0.011762354550910634
yk-4-279			0.47949598214285716	0.6643738144329897	0.008403295410223057
jw-55			0.48178660714285715	0.6658459958932238	0.007414054899436305
cct007093			0.48254017857142856	0.6658459958932238	0.007099145239435362
az628			0.49093586309523807	0.6760428278688524	0.003576816102091289
pd-0325901			0.49342276785714284	0.6780779141104295	0.002634764851835044
wz8040			0.49679122023809524	0.6888806910569106	-0.0014884546545456737
fumonisin b1			0.49623720238095237	0.6888806910569106	-0.0017995002042402286
bix02189			0.4956456845238095	0.6888806910569106	-0.002049477257826278
brd-k04800985			0.4892982142857143	0.6954601214574898	-0.0044362787906879276
kin001-236			0.48875505952380954	0.6954601214574898	-0.004700480451930431
gsk525762a			0.48040714285714287	0.7053886868686868	-0.008227147158462211
bryostatin 1			0.46877708333333334	0.719724193548387	-0.013480021354351387
vandetanib			0.46666473214285714	0.7199343373493975	-0.01453640040223441
mln2238			0.46647723214285713	0.7199343373493975	-0.01459102948088565
brd4132			0.45853541666666664	0.7291907815631262	-0.01871348584655418
npc-26			0.45287113095238096	0.7353426	-0.02178093201985699
bortezomib			0.4503985119047619	0.7371900199600798	-0.02320065728876356
jq12			0.4464294642857143	0.7410382470119522	-0.02558605021970461
tak-715			0.4386751488095238	0.7499252485089463	-0.030693784389451438
cp724714			0.43496339285714286	0.7533100990099011	-0.03331493265802611
mi-1			0.4338967261904762	0.7533100990099011	-0.03415618590432175
pfi-1			0.43192232142857145	0.754449209486166	-0.03549600727038172
a-443654			0.43055625	0.7547731755424063	-0.03642512421386348
brd8958			0.42883839285714287	0.7555537401574803	-0.03779606771269162
bec			0.42154419642857144	0.7631365949119374	-0.04352396445945032
dmog			0.4207123511904762	0.7631365949119374	-0.04418878001516593
obatoclax mesylate			0.41970104166666666	0.7631365949119374	-0.04498335235494008
qs-11			0.4157449404761905	0.766843359375	-0.04819403034385208
cgp-60474			0.4108764880952381	0.7717208576998051	-0.05233643466906451
gsk650394			0.4022337797619048	0.7794048449612402	-0.05974217146211515
salubrinal			0.40217708333333335	0.7794048449612402	-0.05976917243135255
pictilisib			0.40153020833333336	0.7794048449612402	-0.06029967404189481
vinblastine			0.39534583333333334	0.7853706563706564	-0.06572743251560037
xmd8-92			0.3946119047619048	0.7853706563706564	-0.06629710321136155
sn-38			0.3898763392857143	0.7899872832369942	-0.0705270984189953
embelin			0.38642351190476193	0.7929390384615385	-0.07336225232568218
prima-1-met			0.3841794642857143	0.794104214559387	-0.07519592992077517
pf-4708671			0.3831549107142857	0.794104214559387	-0.07614278597844962
nilotinib			0.3746282738095238	0.8035380497131932	-0.08326403319989306
abt-199			0.3699876488095238	0.8070824761904762	-0.08675814985582073
gsk-3 inhibitor ix			0.3694736607142857	0.8070824761904762	-0.08722452202602611
tipifarnib			0.3658004464285714	0.810232319391635	-0.08991779694282952
epothilone b			0.3633796130952381	0.8117893738140418	-0.09174760096605485
ci-1040			0.3512610119047619	0.8256691287878789	-0.09998867978955439
sch-529074			0.3483688988095238	0.8277814744801513	-0.10181602532103869
afatinib			0.3326732142857143	0.8461284905660378	-0.11219363880101446
kin001-244			0.3226345238095238	0.8572335216572505	-0.11902776628832461
akt inhibitor viii			0.32087276785714286	0.8578509398496241	-0.1203488217507604
shikonin			0.3123325892857143	0.8670135084427767	-0.126413596496638
palbociclib			0.30607127976190474	0.8732606741573034	-0.13098310705349822
gsk4112			0.30474925595238095	0.8732947663551403	-0.13185455624076145
brd-k85133207			0.30297113095238093	0.8738878731343284	-0.13313121207916864
birinapant			0.30109895833333333	0.8746093109869645	-0.13453748446976094
avicin d			0.29947232142857144	0.8750098513011152	-0.13571438069652855
gw843682x			0.2918910714285714	0.8807376146788991	-0.14125548553082642
as601245			0.29077291666666666	0.8807376146788991	-0.14216434649347695
brd-k02251932			0.2902839285714286	0.8807376146788991	-0.14254194580520332
ipa-3			0.2881279761904762	0.8807376146788991	-0.14412983841837732
o-6-benzylguanine			0.2864049107142857	0.8807376146788991	-0.1453886369940173
zebularine			0.2863684523809524	0.8807376146788991	-0.14544914506166765
gsk269962a			0.2857144345238095	0.8807376146788991	-0.14594913547104715
hg6-64-1			0.2803891369047619	0.8856767399267399	-0.15004992160482725
bx796			0.27885877976190476	0.8859400365630713	-0.15123206645101092
vnlg/124			0.2738032738095238	0.8875740072202167	-0.15527123589887346
nutlin-3a (-)			0.27324241071428573	0.8875740072202167	-0.15571025921252105
lapatinib			0.2722988095238095	0.8875740072202167	-0.15646028493391034
brd-k33199242			0.27067782738095236	0.8875740072202167	-0.15782803679214533
ml083			0.2693559523809524	0.8875740072202167	-0.15908835893478593
bosutinib			0.2689971726190476	0.8875740072202167	-0.15934571042528986
jnk-9l			0.2682848214285714	0.8875740072202167	-0.1598440161547165
luminespib			0.26390997023809526	0.891269009009009	-0.16340831185359303
brd-k44224150			0.2597205357142857	0.8924878136200717	-0.16696538037831685
brd-k42260513			0.2593735119047619	0.8924878136200717	-0.1673349087096856
gw441756			0.2589168154761905	0.8924878136200717	-0.1677273760841016
cgp-082996			0.25307113095238093	0.8979230769230768	-0.17259158514003442
ciclosporin			0.24850877976190477	0.9017898214285713	-0.17653211690671416
brd-k16147474			0.24049389880952382	0.9097430604982206	-0.18318520275041636
cil55			0.2391735119047619	0.9097430604982206	-0.1843502669647731
brd-k86535717			0.23567440476190477	0.9107879432624113	-0.18705566872626517
pd0325901			0.23559241071428572	0.9107879432624113	-0.1870957551650264
xmd8-85			0.22749627976190476	0.913770701754386	-0.19316628572902406
tgx-221			0.22672931547619046	0.913770701754386	-0.19371032514362363
trifluoperazine			0.22598764880952382	0.913770701754386	-0.19423375719937294
gsk319347a			0.22566175595238094	0.913770701754386	-0.19448505027656843
ml334 diastereomer			0.22514032738095238	0.913770701754386	-0.19480037120148463
refametinib			0.2249297619047619	0.913770701754386	-0.1949396824055822
elesclomol			0.22167872023809523	0.9159265734265735	-0.1973354601825324
vismodegib			0.2203764880952381	0.9159265734265735	-0.19816846094876966
pf-562271			0.21598095238095238	0.9194834205933683	-0.20106065679375748
vu0155056			0.19671622023809524	0.9404306620209061	-0.21355216671798227
zibotentan			0.194990625	0.9408137391304349	-0.21470174624767288
lestauritinib			0.18925252976190476	0.9458814236111112	-0.21850650857377746
brd-k84807411			0.1834311011904762	0.9510131715771231	-0.2224153262654127
jnk inhibitor viii			0.18055267857142857	0.9527159169550172	-0.22426181889908217
talazoparib			0.17717916666666667	0.9541272413793103	-0.22664000264425269
plx-4720			0.17649776785714286	0.9541272413793103	-0.2271358790058133
968			0.1692498511904762	0.9602030927835051	-0.2321197277419861
pd318088			0.1683985119047619	0.9602030927835051	-0.2327027491311547
fsc231			0.16476815476190476	0.9615872231686542	-0.235329932842812
cyclophosphamide			0.1639001488095238	0.9615872231686542	-0.23592187676603965
nelarabine			0.16267991071428572	0.9615872231686542	-0.23677100700162293
isonicotinohydroxamic acid			0.16080297619047618	0.9615872231686542	-0.23811738545941769
gefitinib			0.16004657738095238	0.9615872231686542	-0.23864820479064805
azd6244			0.1533578869047619	0.967593537414966	-0.24350081950267494
nu7441			0.15190907738095238	0.9676033955857385	-0.24462752989414177
jq1			0.14998482142857142	0.9676135363790187	-0.24601504057886767
neratinib			0.14902083333333332	0.9676135363790187	-0.2467515759078277
gsk1904529a			0.14730223214285715	0.9679280405405405	-0.24801804292953492
trametinib			0.13771354166666666	0.9771618887015177	-0.2555296229452596
rapamycin			0.13381502976190476	0.9783053781512605	-0.2588235294117647
bleomycin (50 um)			0.13379404761904762	0.9783053781512605	-0.2588510985453136
betulinic acid			0.12164494047619048	0.9877733777038269	-0.270167191298753
thapsigargin			0.11951309523809524	0.9877733777038269	-0.2724229773527097
cbb-1007			0.11865848214285714	0.9877733777038269	-0.2733417406441869
ic-87114			0.117921875	0.9877733777038269	-0.27416017626854344
brd-k96431673			0.11788169642857142	0.9877733777038269	-0.2742014621328436
a-770041			0.11659032738095237	0.9877733777038269	-0.27573599438366536
vinorelbine			0.11226607142857142	0.9900018242122719	-0.2806361909465426
17-aag			0.11165252976190476	0.9900018242122719	-0.28142996195953734
ver-155008			0.10725639880952381	0.9932546357615895	-0.28683410773111817
gdc-0879			0.10405416666666667	0.9951707438016529	-0.29068031004080824
dabrafenib			0.09932514880952381	0.9962164179104477	-0.296559928851145
brd-k48334597			0.09885684523809524	0.9962164179104477	-0.2971873535219328
brd-k14844214			0.09253571428571429	0.9566769230769231	-0.3046316552974309
tozasertib			0.08997142857142858	0.9447000000000001	-0.3076743453751704
selumetinib			0.08604032738095238	0.9177634920634921	-0.31238143029551046
brd-k50799972			0.08436964285714285	0.9144580645161289	-0.31447780951189036
cay10594			0.0830625	0.9144580645161289	-0.31602827696225766
procarbazine			0.08270997023809523	0.9144580645161289	-0.3164716474519525
austocystin d			0.08228125	0.9144580645161289	-0.31701333170511714
bleomycin			0.08128824404761904	0.9144580645161289	-0.3182085889902262
brd-k09587429			0.07738229166666667	0.9122964912280702	-0.32317080540282983
selisistat			0.07615416666666666	0.9122964912280702	-0.3246629984628972
sgc0946			0.0663061011904762	0.8101400000000001	-0.33833748682363135
azd6482			0.06458422619047618	0.8037148148148147	-0.34105902387245046
sb590885			0.06248943452380953	0.7923188679245283	-0.34428905982683755
wz-1-84			0.06143422619047619	0.7923188679245283	-0.34591567857160344
ql-viii-58			0.06122202380952381	0.7923188679245283	-0.3462961733035446
ly-2157299			0.06050297619047619	0.7923188679245283	-0.3475394629866095
ml312			0.05918556547619048	0.7923188679245283	-0.34960037735654226
olaparib			0.053307291666666666	0.7463020833333334	-0.36079644595032784
zd-6474			0.05270238095238095	0.7463020833333334	-0.3619311426870916
tanespimycin			0.052593154761904765	0.7463020833333334	-0.3620967599639903
erismodegib			0.04831488095238095	0.7215022222222222	-0.37169310537696126
brd-k27224038			0.04827142857142857	0.7215022222222222	-0.3717837579930489
brd-k71935468			0.04772782738095238	0.7215022222222222	-0.37309241541859633
lfm-a13			0.04664419642857143	0.7215022222222222	-0.3758234017474243
midostaurin			0.04509389880952381	0.7215022222222222	-0.3798112803276958
brd-k27986637			0.04425818452380952	0.7215022222222222	-0.3819391321592432
cyclopamine			0.04367797619047619	0.7215022222222222	-0.3834668822006014
way-362450			0.04217172619047619	0.7215022222222222	-0.3874645251316703
qs11			0.040764136904761904	0.7215022222222222	-0.3910613604321341
dactolisib			0.037178125	0.6939916666666667	-0.3999290129841494
unc1215			0.036479315476190474	0.6939916666666667	-0.4016674259196568
chir-99021			0.03492232142857143	0.6902294117647059	-0.4053040159192968
compound 1b			0.03396696428571429	0.6902294117647059	-0.4075352683265231
brd-k94991378			0.03344925595238095	0.6902294117647059	-0.4087548748641525
wh-4-023			0.03324077380952381	0.6902294117647059	-0.40921182250757626
xmd11-85h			0.03284077380952381	0.6902294117647059	-0.4102009996543307
681640			0.030648809523809523	0.6902294117647059	-0.4153969890626454
(5z)-7-oxozeaenol			0.029124553571428572	0.6902294117647059	-0.4192963213202111
rucaparib			0.028951190476190478	0.6902294117647059	-0.4197857332976314
brd-k99006945			0.026319791666666665	0.6802653846153845	-0.42684370485500917
cid-5951923			0.026204910714285715	0.6802653846153845	-0.42712730290722684
gnf-2			0.02551904761904762	0.6802653846153845	-0.4291238812335055
dasatinib			0.024074553571428573	0.6802653846153845	-0.4336343050393101
fh535			0.02281860119047619	0.6802653846153845	-0.4377475228775005
etomoxir			0.019367113095238097	0.6197476190476191	-0.45141851696943947
sl0101			0.018672767857142857	0.6197476190476191	-0.4545855858867792
pha-665752			0.018035863095238094	0.6197476190476191	-0.45772341168151853
bms-509744			0.013373363095238094	0.49927222222222223	-0.4860727732603197
azd0530			0.012042410714285714	0.47602941176470587	-0.4936813562926532
brd-k52037352			0.011747172619047619	0.47602941176470587	-0.49521770453027364
sb216763			0.010566517857142858	0.47338	-0.5018309982320438
seliciclib			0.009245386904761906	0.44377857142857147	-0.5096207183216719
brd-k17060750			0.009146279761904762	0.44377857142857147	-0.5102657810447407
nsc-87877			0.007391220238095238	0.4139083333333334	-0.5230773960820362
fmk			0.007127380952380953	0.4139083333333334	-0.5254181291984891
eht-1864		0.04784001304370307	0.005297470238095238	0.35599000000000003	-0.5453478811571766
azacitidine		0.06896420176421632	0.005285714285714286	0.35599000000000003	-0.5454723223416806
saracatinib		0.05132310756431591	0.004815327380952381	0.35599000000000003	-0.5524191458576803
erlotinib		0.07556285842613006	0.004048660714285715	0.35599000000000003	-0.5650410008965293
pyrimethamine		0.051496272756354	0.0029145833333333333	0.32643333333333335	-0.5876173094433974
brd-k48477130		0.041004400509935306	0.0028245535714285716	0.32643333333333335	-0.5894917824120691
brd-k71781559		0.036450671927176756	0.0015063988095238095	0.253075	-0.622341555768561
tgx221		0.04670379300513427	0.0007732142857142857	0.17320000000000002	-0.6581557100433889
bcl-lzh-4		0.04136841977506131	0.0005671130952380952	0.17320000000000002	-0.6743971083283375
gw-2580		0.04115058162074223	0.00041785714285714283	0.17320000000000002	-0.6920017031736349
