Name	Score(0.95 MoE)	0.95 MoE	p-value	FDR	Score
marinopyrrole a		0.055639194595207164	2.886904761904762e-05	0.0073750000000000005	0.7146855207447494
ql-xii-61		0.05095025697731392	2.9761904761904762e-05	0.0073750000000000005	0.7133189234306608
5-fluorouracil		0.047258261238926	3.928571428571428e-05	0.0073750000000000005	0.7107677392603954
irinotecan		0.0454224631712348	4.3898809523809523e-05	0.0073750000000000005	0.7094393608834905
topotecan		0.04518677758701804	6.369047619047619e-05	0.007983333333333334	0.6895911893867221
snx-2112		0.060640795154765705	7.12797619047619e-05	0.007983333333333334	0.6631371315276626
pha-793887		0.04619331518104581	0.00011369047619047619	0.010914285714285715	0.6554629325800739
hyperforin		0.04484957760013778	0.0001369047619047619	0.011500000000000002	0.6370807461766909
paclitaxel		0.05574376161849646	0.0002125	0.014963636363636363	0.622321304162567
brd-k35604418		0.03210258099685712	0.00024032738095238095	0.014963636363636363	0.5825286605842802
ml031			0.0002449404761904762	0.014963636363636363	0.5730460119040639
kin001-270			0.00039880952380952383	0.022333333333333337	0.5630038328232067
pf2341066			0.0005376488095238095	0.02602	0.5594767866121099
bms-345541			0.000575	0.02602	0.5542964036224469
thz-2-102-1			0.000622470238095238	0.02602	0.5485906061685009
linifanib			0.0006866071428571429	0.02602	0.5457798522276001
fedratinib			0.0007257440476190477	0.02602	0.5446651930785902
tpca-1			0.0007705357142857143	0.02602	0.5431381612073088
i-bet-762			0.000799702380952381	0.02602	0.5421705844701735
methotrexate			0.0009029761904761905	0.02602	0.5176479262628494
ouabain			0.0009142857142857143	0.02602	0.5147656789853677
ku-0063794			0.0009148809523809524	0.02602	0.5145897129375027
smer-3			0.0009197916666666666	0.02602	0.5129542422045789
brd-k51490254			0.0009498511904761905	0.02602	0.5041617484238113
nsc48300			0.0009680059523809524	0.02602	0.5005096915412712
repligen 136			0.001215625	0.03141923076923077	0.4913056087638767
axitinib			0.0013379464285714286	0.033299999999999996	0.4876231097402239
erastin			0.0014053571428571429	0.033728571428571434	0.48702798898319455
decitabine			0.0016464285714285715	0.03815172413793103	0.48410555609149325
parthenolide			0.001887797619047619	0.0410258064516129	0.4815168020459478
ispinesib mesylate			0.0018925595238095238	0.0410258064516129	0.4814959883817384
aica ribonucleotide			0.002378422619047619	0.04903030303030303	0.4805523563105065
sotrastaurin			0.002407738095238095	0.04903030303030303	0.4804487901997541
pitstop2			0.0025516369047619046	0.04909142857142857	0.47807933454098483
tae684			0.0025568452380952383	0.04909142857142857	0.4780401842835345
byl-719			0.002674553571428571	0.04990576923076923	0.4775845542179071
quizartinib			0.0027639880952380954	0.04990576923076923	0.4764004218531933
brd-a86708339			0.002954761904761905	0.04990576923076923	0.474389721212265
pf-3758309			0.0030035714285714284	0.04990576923076923	0.47368264049874
fluorouracil			0.0031504464285714287	0.04990576923076923	0.47160623678551467
raf265			0.0032229166666666665	0.04990576923076923	0.47084891028129305
methylstat			0.003273958333333333	0.04990576923076923	0.4694396246713774
gdc-0941			0.003413095238095238	0.04990576923076923	0.46554381414408064
ml050			0.003510863095238095	0.04990576923076923	0.4629068056052282
avrainvillamide			0.003573214285714286	0.04990576923076923	0.45948370103480307
manumycin a			0.0036379464285714288	0.04990576923076923	0.45646646887666337
at-7519			0.003709672619047619	0.04990576923076923	0.45351600220197963
barasertib			0.0037279761904761904	0.04990576923076923	0.4528273439267529
cimetidine			0.0037438988095238094	0.04990576923076923	0.45211122277234056
phloretin			0.0037898809523809526	0.04990576923076923	0.4500291755687736
cal-101			0.003791220238095238	0.04990576923076923	0.44996279228325
etp-46464			0.0038617559523809524	0.04990576923076923	0.4470657465497799
sns-032			0.0040212797619047615	0.04996428571428572	0.4453420851751712
alectinib			0.004060119047619048	0.04996428571428572	0.4450299629538382
kin001-266			0.0041116071428571425	0.04996428571428572	0.44457811594204844
bleomycin a2			0.004163690476190476	0.04996428571428572	0.4440876955809276
rita			0.004243005952380952	0.05002280701754385	0.44340103657367935
ml311			0.004438988095238096	0.051431034482758625	0.4412938912691188
lrrk2-in-1			0.004900148809523809	0.05581186440677966	0.42934140921793446
rigosertib			0.005084821428571429	0.05617377049180328	0.42391004024399775
cct036477			0.005099107142857143	0.05617377049180328	0.42368625770011414
brd-k90370028			0.0051828869047619045	0.056175806451612895	0.42260306627314886
bms-536924			0.0055888392857142855	0.05961428571428571	0.41993591963189636
tivantinib			0.006161755952380952	0.0646984375	0.4174166929251059
ym-155			0.006358482142857143	0.06554242424242425	0.41657406225546084
at13387			0.006437202380952381	0.06554242424242425	0.41621597788209075
wz3105			0.006535119047619047	0.06554626865671641	0.4157747767032674
neuronal differentiation inducer iii			0.007174404761904762	0.0709	0.41157396974040256
cudc-101			0.007657589285714286	0.07457826086956522	0.40918197495373526
nvp-bez235			0.008279464285714286	0.07732631578947369	0.40610087762621555
hg-5-88-01			0.008341815476190477	0.07732631578947369	0.40583126357875254
ly-2183240			0.008417708333333333	0.07732631578947369	0.4054781030841762
serdemetan			0.008439434523809524	0.07732631578947369	0.4053903564836804
kpt185			0.008546875	0.07732631578947369	0.4049433452935173
omacetaxine mepesuccinate			0.008655208333333334	0.07732631578947369	0.4045134805022039
isox			0.008745238095238096	0.07732631578947369	0.4042000234442058
istradefylline			0.008954761904761905	0.07781794871794873	0.4034760209231792
ceranib-2			0.009032440476190477	0.07781794871794873	0.40319560563374707
ski-ii			0.009433928571428572	0.079055421686747	0.40161244117007733
mi-2			0.00950595238095238	0.079055421686747	0.4012692435509989
hbx-41108			0.009706845238095238	0.079055421686747	0.40018587947874873
birb-796			0.009729315476190476	0.079055421686747	0.4000569472576672
brd-k37390332			0.009764285714285715	0.079055421686747	0.3998415702746398
prl-3 inhibitor i			0.01002827380952381	0.08022619047619048	0.39760716248875577
epigallocatechin-3-monogallate			0.010311607142857143	0.0805635593220339	0.39610821476275904
tretinoin			0.010392113095238095	0.0805635593220339	0.39572825599036854
merck60			0.010658482142857143	0.0805635593220339	0.3943924399718008
jw-7-24-1			0.010892708333333334	0.0805635593220339	0.39303338175391744
stf-31			0.011124255952380953	0.0805635593220339	0.3916181002111419
curcumin			0.011184672619047618	0.0805635593220339	0.3912984769479877
vorinostat			0.011297767857142857	0.0805635593220339	0.39069741107610073
vx-702			0.011446428571428571	0.0805635593220339	0.38985137163667816
alisertib			0.01164970238095238	0.0805635593220339	0.3886230458824495
tosedostat			0.011670833333333333	0.0805635593220339	0.3885142157813209
sepantronium bromide			0.011969940476190476	0.0805635593220339	0.38666202376537756
leptomycin b			0.01233422619047619	0.0805635593220339	0.3828835546867452
tacrolimus			0.012770238095238095	0.0805635593220339	0.3776646468469157
nvp-adw742			0.01284375	0.0805635593220339	0.3769203142638091
gsk461364			0.01286264880952381	0.0805635593220339	0.37668812616211544
mdivi-1			0.012864732142857143	0.0805635593220339	0.37666622918043785
bms-754807			0.01292827380952381	0.0805635593220339	0.3760149853772504
gmx-1778			0.012989136904761904	0.0805635593220339	0.3753284099256835
iu1			0.013020833333333334	0.0805635593220339	0.3749765258155855
cediranib			0.013102083333333334	0.0805635593220339	0.37408241978682566
tl-1-85			0.013121130952380952	0.0805635593220339	0.37387686478756266
brd-k70511574			0.013152678571428572	0.0805635593220339	0.3734835734264002
prima-1			0.013157738095238096	0.0805635593220339	0.37340619740457476
nsc632839			0.013281994047619048	0.0805635593220339	0.3719842684310968
tipifarnib-p1			0.013423065476190476	0.0805635593220339	0.37037802311834805
thalidomide			0.01345610119047619	0.0805635593220339	0.3700221149412656
apicidin			0.013528125	0.0805635593220339	0.3692352010759856
cil70			0.013700595238095237	0.0805635593220339	0.36736628424167633
dbeq			0.013707738095238096	0.0805635593220339	0.36727729862350733
chlorambucil			0.013865327380952381	0.0805635593220339	0.3656436370697347
triptolide			0.01404345238095238	0.0805635593220339	0.36387080036063324
ml210			0.014082738095238096	0.0805635593220339	0.36348396378023956
ki8751			0.01410282738095238	0.0805635593220339	0.3632845147714694
ml162			0.014146577380952381	0.0805635593220339	0.3628485969009189
pyrazolanthrone			0.014913095238095237	0.08421512605042016	0.35731107816269264
ml258			0.015291666666666667	0.08563333333333334	0.3558257292753417
xmd14-99			0.015580654761904763	0.0865305785123967	0.35494205822306213
ql-xi-92			0.01589002976190476	0.08752540983606558	0.3541387673112519
azd8055			0.01642440476190476	0.0895825396825397	0.35285188810938234
pac-1			0.016652678571428572	0.0895825396825397	0.35235858183719215
mitomycin-c			0.016729613095238096	0.0895825396825397	0.3522116348437425
bardoxolone methyl			0.016796726190476192	0.0895825396825397	0.35207123498033244
triazolothiadiazine			0.01752842261904762	0.09274881889763781	0.349704648610056
azd7762			0.01799747023809524	0.09337461538461538	0.34763334310234817
b02			0.018035714285714287	0.09337461538461538	0.3474364835641344
nakiterpiosin			0.018063541666666665	0.09337461538461538	0.3473127495356218
brd-k51831558			0.018298660714285715	0.09386793893129772	0.34614116917606674
brd-k19103580			0.01859107142857143	0.09464545454545455	0.34494513557459755
dacinostat			0.018990773809523808	0.0949375	0.3435271129340866
brd-k78574327			0.019079910714285716	0.0949375	0.3432549130918108
nsc19630			0.019088988095238096	0.0949375	0.34323121851287614
foretinib			0.019213541666666667	0.0949375	0.34283128566587046
sgx-523			0.019505654761904762	0.09567737226277373	0.34188551942788864
ex-527			0.019724404761904762	0.09604927536231884	0.341208118280471
tw-37			0.02015610119047619	0.09695999999999999	0.3398024667018244
sunitinib			0.0202	0.09695999999999999	0.3396505716695234
isoevodiamine			0.02055625	0.09774084507042254	0.3384224788462701
indisulam			0.020653571428571427	0.09774084507042254	0.3381266273572458
ml006			0.02096264880952381	0.09839655172413793	0.33715074918877885
purmorphamine			0.021119196428571428	0.09839655172413793	0.33663562352331966
pik-93			0.02123139880952381	0.09839655172413793	0.3362367005277352
narciclasine			0.02144672619047619	0.0984843537414966	0.33551091871541466
momelotinib			0.021543452380952382	0.0984843537414966	0.33519870798076956
brd-k66453893			0.021758630952380953	0.09877449664429531	0.3345508389167012
xmd15-27			0.02190089285714286	0.09877449664429531	0.33415891133117825
brd-k26531177			0.022203720238095238	0.09947266666666665	0.33342496696003393
brd8899			0.02268988095238095	0.10083684210526316	0.3324226840190573
am-580			0.022808333333333333	0.10083684210526316	0.33220149654426673
valdecoxib			0.02320252976190476	0.10150384615384614	0.3314810232040841
r428			0.023386160714285713	0.10150384615384614	0.3311566484131258
clofarabine			0.023458333333333335	0.10150384615384614	0.3310428403475576
at7867			0.023563392857142856	0.10150384615384614	0.3308641194720374
compound 7d-cis			0.023801190476190476	0.10187515923566878	0.33047297277794513
mst-312			0.023957440476190476	0.10189493670886075	0.33022605079705186
ac55649			0.024527232142857142	0.1036622641509434	0.3294004435196437
nvp-bsk805			0.025644642857142855	0.1077075	0.3278537858950054
elocalcitol			0.02608035714285714	0.10885714285714285	0.3272703615685348
ku 0060648			0.02660327380952381	0.11035432098765431	0.32658248205388773
brd1812			0.027648065476190475	0.11398466257668712	0.3251583803383292
sb-505124			0.027839732142857142	0.114075	0.3249041581132251
tubastatin a			0.02829375	0.11523272727272728	0.32429265831292564
ql-x-138			0.028473511904761904	0.11526626506024096	0.32404838389445745
cr-1-31b			0.029570684523809523	0.11778245614035089	0.32251298258741273
vx-11e			0.029823660714285716	0.11778245614035089	0.3221660558257632
tl-2-105			0.029850744047619046	0.11778245614035089	0.32212651303399975
fr-180204			0.02996622023809524	0.11778245614035089	0.3219641945920404
bibr-1532			0.029971428571428572	0.11778245614035089	0.321957383094462
mps-1-in-1			0.030197916666666668	0.1179825581395349	0.32164569521769154
brd-k29313308			0.030481994047619046	0.11840404624277458	0.32123018087691846
le-135			0.03130669642857143	0.12090862068965517	0.32006986929956205
ifosfamide			0.031574255952380954	0.12124514285714286	0.319706374792272
brd-k34222889			0.03202619047619048	0.12228181818181819	0.3191133808801873
zg-10			0.032236458333333336	0.12238926553672316	0.31883239099814703
pi-103			0.0332546130952381	0.12520434782608694	0.31760327643983494
ro4929097			0.03361755952380952	0.12520434782608694	0.3171551464431544
lomeguatrib			0.03375014880952381	0.12520434782608694	0.3170004897067943
kw-2449			0.03394657738095238	0.12520434782608694	0.3167650634382945
tamoxifen			0.033974255952380954	0.12520434782608694	0.3167336619369683
rg-108			0.03427529761904762	0.12520434782608694	0.3163766275104512
zm447439			0.03428214285714286	0.12520434782608694	0.31636775038655035
bi-2536			0.03448794642857143	0.1252751351351351	0.3161388427551712
daporinad			0.034988541666666664	0.12641021505376343	0.31555213394044257
dinaciclib			0.0353875	0.12716791443850267	0.315087296606723
osi-027			0.03576354166666667	0.127473544973545	0.31465858867523716
cil41			0.035851934523809526	0.127473544973545	0.3145525412037105
brd-a02303741			0.036193303571428574	0.12801	0.3141532643890757
ciclopirox			0.03685535714285714	0.12966910994764397	0.3133149301727562
pf-184			0.0374171130952381	0.13064248704663214	0.312596877537045
kx2-391			0.03752083333333334	0.13064248704663214	0.3124659321098149
kh-cb19			0.03803080357142857	0.13158223350253806	0.31179224678358713
brd-k29086754			0.03844285714285714	0.13158223350253806	0.3112285579696422
lbh-589			0.038553125	0.13158223350253806	0.3110729615494202
brd-k61166597			0.03857395833333333	0.13158223350253806	0.3110449784864435
ch-55			0.039109375	0.13189851485148515	0.3102477820321814
agk-2			0.0391391369047619	0.13189851485148515	0.3102000312665192
srt-1720			0.03941220238095238	0.13189851485148515	0.30975084288939503
hg-5-113-01			0.03961220238095238	0.13189851485148515	0.30942415833364284
bix-01294			0.03964806547619048	0.13189851485148515	0.3093650371416225
pandacostat			0.040508333333333334	0.13312830188679245	0.30783542287001925
crizotinib			0.041360267857142856	0.13312830188679245	0.30623406658133473
t0901317			0.04136577380952381	0.13312830188679245	0.30622331280290976
ar-42			0.041392559523809526	0.13312830188679245	0.30617408888571235
sr-ii-138a			0.04142708333333334	0.13312830188679245	0.3060997791611124
sch-79797			0.04164508928571429	0.13312830188679245	0.305662397963081
brd-a94377914			0.04176383928571428	0.13312830188679245	0.30540219909648425
pdmp			0.04198318452380952	0.13312830188679245	0.30492432046383383
imatinib			0.041995089285714285	0.13312830188679245	0.3048994541034942
jw-74			0.04199880952380952	0.13312830188679245	0.30489273385044585
sb-743921			0.04221770833333333	0.13319389671361503	0.30442311010116385
brd-k66532283			0.04312529761904762	0.13542149532710282	0.3023994601851401
niclosamide			0.04343898809523809	0.13559955357142858	0.30164082069613213
chm-1			0.043832886904761906	0.13559955357142858	0.3006357134360394
1s,3r-rsl-3			0.04421785714285714	0.13559955357142858	0.2997211676320004
brd-k30019337			0.04429375	0.13559955357142858	0.29952561973423225
mk-0752			0.04483288690476191	0.13559955357142858	0.2982072659118764
nvp-bhg712			0.04486383928571429	0.13559955357142858	0.29813594162053336
parbendazole			0.04488497023809524	0.13559955357142858	0.29808251624619175
brd1835			0.04495104166666666	0.13559955357142858	0.297912370214467
brd-k92856060			0.04500119047619048	0.13559955357142858	0.2977984858696555
entinostat			0.04519985119047619	0.13559955357142858	0.29733940204928405
cay10618			0.04596056547619048	0.1372688888888889	0.29562273414180434
fulvestrant			0.04639568452380952	0.13795530973451325	0.2947078139130821
cd-437			0.04901919642857143	0.14511409691629956	0.28883578164274215
temsirolimus			0.04979107142857143	0.14675263157894736	0.2871349754461442
necrostatin-1			0.05091741071428572	0.1494170305676856	0.28473516411009286
nsc95397			0.05148526785714286	0.15042652173913043	0.28366920575360854
azd4547			0.05172827380952381	0.15048225108225108	0.28319473944627926
pf-573228			0.05254627976190476	0.15168504273504274	0.2816638700119292
nsc30930			0.052676190476190474	0.15168504273504274	0.2814158277078482
osi-930			0.05281889880952381	0.15168504273504274	0.28115073152003406
vincristine			0.053137053571428575	0.1516919491525424	0.2805772636073903
yk 4-279			0.053272767857142855	0.1516919491525424	0.2803366975525324
px-12			0.05386696428571429	0.1527367088607595	0.2792791024960042
sirolimus			0.05463035714285714	0.1536489539748954	0.2779790296542275
fluvastatin			0.054645982142857145	0.1536489539748954	0.27795533626484414
prochlorperazine			0.05495625	0.1537630705394191	0.2774035543707553
hli 373			0.05514419642857143	0.1537630705394191	0.27705866867525575
belinostat			0.05541220238095238	0.15387190082644628	0.2765784349708253
brivanib			0.05565967261904762	0.1539230452674897	0.2761423353958309
tandutinib			0.055979464285714285	0.15417295081967214	0.27561765767567
brd-k80183349			0.05673601190476191	0.1556187755102041	0.274435760906298
y-39983			0.05701785714285714	0.1557560975609756	0.27402811994017895
brd-k88742110			0.05741369047619048	0.15614016064257027	0.27348997202398045
necrostatin-7			0.057808035714285715	0.15614016064257027	0.2729558011050294
amuvatinib			0.05785550595238095	0.15614016064257027	0.27289557805726616
sildenafil			0.059036755952380955	0.1580780876494024	0.2713996387457341
az-3146			0.05904404761904762	0.1580780876494024	0.2713919304613535
isoliquiritigenin			0.060373363095238095	0.16037351778656125	0.26976724007039016
brd-k24690302			0.060378720238095235	0.16037351778656125	0.26975848779229356
camptothecin			0.06188377976190476	0.1637240157480315	0.2679170970932641
cucurbitacin i			0.06318705357142858	0.16651647058823532	0.266331789266727
motesanib			0.0644032738095238	0.16905859375	0.26482330196258924
ql-xii-47			0.06523214285714286	0.17056809338521403	0.26377082717754774
semagacestat			0.06648973214285714	0.17318255813953487	0.2621355312819966
mk-2206			0.06733244047619047	0.17470038610038607	0.2610481446111854
cil55a			0.06860967261904762	0.17721254752851712	0.2593633551461974
myriocin			0.06923973214285714	0.17721254752851712	0.2585829005536109
tacedinaline			0.06931934523809524	0.17721254752851712	0.2584740849713001
cp466722			0.06935550595238095	0.17721254752851712	0.258429314906497
azd1480			0.07048333333333333	0.1784542750929368	0.25709929169718865
cil56			0.07051294642857144	0.1784542750929368	0.25706500252168213
abiraterone			0.07066636904761905	0.1784542750929368	0.2568849475523754
etoposide			0.07100565476190476	0.1784542750929368	0.256496676415566
tipifarnib-p2			0.07143303571428572	0.1784542750929368	0.25603133892279106
brd-k41597374			0.07143482142857142	0.1784542750929368	0.2560297704973707
docetaxel			0.07193943452380952	0.17904925925925924	0.25552548008566334
tamatinib			0.07238705357142858	0.17949852398523986	0.2550784231415561
dacarbazine			0.07265877976190477	0.17950992647058825	0.2548092642112558
lbw242			0.07305833333333334	0.17957773722627737	0.25442753048432054
3-cl-ahpc			0.07322068452380952	0.17957773722627737	0.25427004915808904
mk-1775			0.07355565476190476	0.17974327272727272	0.2539796661372089
nsc 74859			0.07467038690476191	0.18180615942028988	0.2530175277417046
regorafenib			0.07590952380952382	0.18415595667870038	0.25195700059809556
gsk1059615			0.08049002976190477	0.19456582733812952	0.24769924398896312
fqi-2			0.0810453869047619	0.19520609318996412	0.2471264691081749
cytarabine hydrochloride			0.08185267857142857	0.19644642857142855	0.2463121812601363
ponatinib			0.08282723214285714	0.1980779359430605	0.24530734024330372
mgcd-265			0.08424761904761904	0.20076028368794324	0.24385012009755233
sb-225002			0.08542247023809524	0.20284063604240282	0.2426770374206818
bms-270394			0.08938869047619048	0.21151126760563382	0.2387848160402812
brd-a71883111			0.09029434523809524	0.2122177700348432	0.2379298911102562
brd-a05715709			0.0903845238095238	0.2122177700348432	0.23784328707447536
brd9876			0.09063467261904762	0.2122177700348432	0.23761363015406323
ml320			0.09219895833333333	0.21513090277777777	0.2362179514247331
fqi-1			0.09345907738095238	0.2173166089965398	0.23512534751417163
veliparib			0.09551145833333333	0.22113024054982816	0.2334869045732298
brd-k64610608			0.09575729166666666	0.22113024054982816	0.2333027997306751
zstk474			0.09683854166666667	0.2215445945945946	0.23249054846231298
nsc23766			0.09693422619047619	0.2215445945945946	0.23241821895055267
gw-843682x			0.09703571428571428	0.2215445945945946	0.23234767845044269
brd-k55116708			0.0973264880952381	0.2215445945945946	0.23213533959835198
gsk1070916			0.09758511904761905	0.2215445945945946	0.23195205934549143
n9-isopropylolomoucine			0.09823407738095238	0.22156946308724834	0.2315070778124879
ci-976			0.09825550595238096	0.22156946308724834	0.23149162779608
salermide			0.09899717261904761	0.22193803278688523	0.23098721853725146
tki258			0.09929806547619048	0.22193803278688523	0.23080053219155822
gsk429286a			0.099859375	0.22193803278688523	0.23044880244551694
cytarabine			0.10030267857142858	0.22193803278688523	0.23016724776644326
piperlongumine			0.10039449404761905	0.22193803278688523	0.2301090801216977
brd-m00053801			0.10047380952380952	0.22193803278688523	0.23006196971401813
masitinib			0.10073080357142856	0.22193803278688523	0.2299059495577927
azd7545			0.10197142857142857	0.22393725490196079	0.22915345070794121
spautin-1			0.10681071428571429	0.23380065146579807	0.22644945682277462
pd 153035			0.1087639880952381	0.23730324675324677	0.2254683220272101
nintedanib			0.11126681547619048	0.24197831715210358	0.22427196327098423
brd-k97651142			0.11219836309523809	0.2431361022364217	0.22383785945532783
i-bet151			0.11254925595238095	0.2431361022364217	0.2236734269011491
tg-100-115			0.1129220238095238	0.2431361022364217	0.22350345590372994
cetuximab			0.11324642857142857	0.2431361022364217	0.22335240648029958
brefeldin a			0.1142766369047619	0.24456656050955414	0.22289139437306604
c6-ceramide			0.11505684523809524	0.2454546031746032	0.22254222600549128
stf-62247			0.12022023809523809	0.25565822784810127	0.2203889158519104
phenformin			0.12137098214285715	0.25729116719242906	0.2199191847468508
ibrutinib			0.1240875	0.2618532915360502	0.21883542763081787
cerulenin			0.12430238095238096	0.2618532915360502	0.2187548061807109
mitomycin			0.12543526785714285	0.2634140625	0.21830956235228363
sj-172550			0.12695833333333334	0.26578193146417445	0.21773094454694544
su11274			0.12836056547619049	0.2678829192546584	0.2172039590962831
brd-k63431240			0.13106279761904763	0.27267554179566567	0.2162002891894649
bx-912			0.13349940476190475	0.2768876543209876	0.2153344106505618
darinaparsin			0.13431041666666665	0.27771261538461534	0.2150544284494279
bendamustine			0.13633854166666667	0.2810414110429448	0.21435062357999674
palmostatin b			0.1380220238095238	0.28364159021406726	0.21378242899035274
brd-k09344309			0.13860580357142857	0.28397286585365855	0.21358741333727568
xl765			0.13925565476190477	0.28443708206686935	0.2133700705206266
jw-55			0.14111443452380953	0.2873603030303031	0.2127512908026863
compound 23 citrate			0.14427440476190476	0.2929075528700906	0.2117184840763368
bms-195614			0.15047857142857143	0.3045831325301205	0.20975185203812807
16-beta-bromoandrosterone			0.1527855654761905	0.3076320359281437	0.2090479972699892
wiki4			0.15290044642857142	0.3076320359281437	0.20901203802931528
itraconazole			0.1547827380952381	0.310489552238806	0.20844039130365377
temozolomide			0.15652410714285714	0.3130482142857143	0.20791060364111227
xmd13-2			0.15755565476190475	0.31347248520710064	0.2076074695925579
ym201636			0.15766919642857144	0.31347248520710064	0.2075715862233057
sr1001			0.16008125	0.317329203539823	0.2068436304002425
pyr-41			0.16084032738095239	0.31789617647058827	0.20661055810272685
sb-525334			0.161825	0.31890439882697946	0.20630365885977106
pd173074			0.16256875	0.3194333333333334	0.20606947725526256
fingolimod			0.1630830357142857	0.31950962099125363	0.205911239854145
pf-750			0.16574806547619048	0.3232188405797102	0.20508062393039522
importazole			0.16593824404761906	0.3232188405797102	0.20502349109929244
col-3			0.16677410714285715	0.3239080924855492	0.20476275241642292
bicalutamide			0.16790639880952382	0.32471690140845066	0.20441145354996965
vorapaxar			0.1682889880952381	0.32471690140845066	0.2042926123771808
brd-k34099515			0.16916443452380953	0.32471690140845066	0.2040063069560441
brd-k45681478			0.1698922619047619	0.32471690140845066	0.20377221915285462
oligomycin a			0.16991130952380953	0.32471690140845066	0.2037653717206167
brd6340			0.17027053571428571	0.32471690140845066	0.2036412445988072
panobinostat			0.17070044642857143	0.32471690140845066	0.20349749406592327
omipalisib			0.17114613095238096	0.32471690140845066	0.20334660772704607
brd-k11533227			0.17153943452380951	0.32471690140845066	0.20321300070525
sz4ta2			0.17411145833333333	0.3286598314606741	0.20235864607000456
sitagliptin			0.17567619047619049	0.330684593837535	0.20185651485965675
jw-480			0.17739002976190477	0.33141861111111115	0.201300851975045
cay10603			0.17742916666666667	0.33141861111111115	0.20128853420791967
gemcitabine			0.17754568452380953	0.33141861111111115	0.2012495376765443
wz4002			0.17906532738095238	0.3315848648648649	0.2007597935384966
sorafenib			0.1795845238095238	0.3315848648648649	0.20058918070275233
myricetin			0.18083794642857143	0.3315848648648649	0.20016310792683042
skepinone-l			0.1813922619047619	0.3315848648648649	0.19997627128658757
lovastatin			0.18191830357142857	0.3315848648648649	0.19979879737842862
aew541			0.18219955357142859	0.3315848648648649	0.19970294441363678
necrosulfonamide			0.1822907738095238	0.3315848648648649	0.199671302306805
bafilomycin a1			0.18234166666666668	0.3315848648648649	0.19965295737898164
gw-405833			0.18242321428571429	0.3315848648648649	0.19962697390868595
sr8278			0.18256904761904763	0.3315848648648649	0.1995784618137102
pl-di			0.18372470238095237	0.33278436657681937	0.1991861552928824
gossypol			0.18484122023809524	0.3339067204301075	0.19878739849346327
brd-k41334119			0.18662098214285713	0.3362179624664879	0.19805900042498134
nsc-207895			0.18723318452380952	0.33641898395721925	0.19778760637617096
wp1130			0.18912916666666665	0.3389194666666666	0.19689689271299668
nutlin-3			0.19027678571428572	0.3393574074074074	0.19635480275361197
nvp-231			0.19060639880952382	0.3393574074074074	0.19620137898967133
ng-25			0.19088854166666666	0.3393574074074074	0.19607694473649126
genentech cpd 10			0.19165535714285714	0.339821635883905	0.19572568838792437
ml203			0.19274375	0.3405984251968504	0.19517786914377924
npk76-ii-72-1			0.19310714285714287	0.3405984251968504	0.19499472680796984
idelalisib			0.19430044642857142	0.34180602094240836	0.19440998091488895
linsitinib			0.19824434523809523	0.3478334203655352	0.19242699441820268
silmitasertib			0.2005721726190476	0.35100130208333336	0.19126016324632408
hc-067047			0.20260684523809525	0.353641038961039	0.19021731494535649
sb52334			0.20564494047619047	0.35801398963730574	0.18853523842186906
brd-k34485477			0.20655	0.35866046511627914	0.18803709471744032
khs101			0.20939285714285713	0.36265979381443303	0.18649083052276202
kin001-260			0.2132342261904762	0.36836349614395886	0.1844701748546364
osu-03012			0.2144078869047619	0.369441282051282	0.18386358692572843
brd-k33514849			0.21850059523809523	0.3738804071246819	0.1816813986373835
abt-737			0.21858869047619048	0.3738804071246819	0.18163185341642926
thz-2-49			0.21865327380952382	0.3738804071246819	0.18159380138328454
brd-k30748066			0.22153035714285715	0.37717670886075944	0.17996302517151647
cct007093			0.22170357142857142	0.37717670886075944	0.17986042158718524
lenvatinib			0.2225703869047619	0.377695202020202	0.1793684579847013
fti-277			0.22720327380952382	0.38458589420654915	0.17676578284581396
cytochalasin b			0.22837098214285714	0.38559120603015073	0.17609990477472584
cyanoquinoline 11			0.22936443452380953	0.38620224999999997	0.17554930007892455
fgin-1-27			0.22988229166666665	0.38620224999999997	0.1752660478872887
ml239			0.23260550595238094	0.38980274314214464	0.17381679056918817
xav939			0.23525565476190477	0.39326318407960204	0.17253515626069016
ml029			0.23652276785714285	0.3944002481389578	0.17194766254078514
pifithrin-alpha			0.23727752976190475	0.39467945544554456	0.17161124867502722
brd-k49290616			0.2383575892857143	0.3954970370370371	0.17114699190480606
vx-680			0.23915863095238096	0.39584876847290645	0.17079662612797375
unc0321			0.24636354166666666	0.4067722358722359	0.16788903451062376
brd-k02492147			0.2479467261904762	0.4083828431372549	0.1672826969474167
unc0638			0.2505824404761905	0.41171491442542796	0.16626022866181375
ruxolitinib			0.2556729166666667	0.41905414634146343	0.16422431958428
pazopanib			0.25801815476190476	0.42186909975669096	0.16324470693473545
at-406			0.2598449404761905	0.42320871670702176	0.16246639234871596
jq-1			0.2600970238095238	0.42320871670702176	0.16235359062977572
vaf-347			0.2615800595238095	0.42459371980676325	0.16170924442451456
cabozantinib			0.26596488095238097	0.430670843373494	0.15970426318345454
az628			0.2685096726190476	0.4337463942307692	0.15849758896680305
staurosporine			0.26939419642857143	0.43413165467625897	0.1580562243645327
cd-1530			0.2720498511904762	0.4373624401913876	0.15676405934099297
pifithrin-mu			0.276434375	0.44335059665871124	0.15463907284557726
brd-k96970199			0.27961309523809524	0.4469590047393365	0.15306433501318434
bax channel blocker			0.28038348214285713	0.4469590047393365	0.15267978536371768
bay-61-3606			0.2806796130952381	0.4469590047393365	0.1525290025606698
iox2			0.2855700892857143	0.45367163120567383	0.15006861680505537
cx-5461			0.2872876488095238	0.45532382075471695	0.14923231839239912
tigecycline			0.28873824404761905	0.4565461176470588	0.1485270937755729
doxorubicin			0.2899120535714286	0.4573260563380282	0.1479617914624263
ku-60019			0.2926547619047619	0.46057142857142863	0.1465864200043596
qw-bi-011			0.3037311011904762	0.47688621495327105	0.1409464648541047
compound 1541a			0.3050056547619048	0.47755000000000003	0.14034268744183254
brd-k28456706			0.3055751488095238	0.47755000000000003	0.14007267504465307
alvocidib			0.3083282738095238	0.48073457076566123	0.13879898631232962
pelitinib			0.30989866071428573	0.48206458333333335	0.13806750475254376
tivozanib			0.3116315476190476	0.48364064665127016	0.13727689386378922
brd9647			0.3142595238095238	0.4865953917050691	0.13605105084056637
tg-101348			0.3160855654761905	0.4882977011494253	0.13520520577287123
avagacestat			0.3175089285714286	0.48937155963302753	0.1345381394267431
ipr-456			0.3197549107142857	0.4917054919908466	0.1335019387504072
doramapimod			0.32106875	0.4925986301369863	0.132909576740067
gsk2636771			0.3222049107142857	0.4932157175398633	0.13240292162645453
navitoclax			0.3245806547619048	0.4952714285714286	0.13137380751704184
aa-cocf3			0.325021875	0.4952714285714286	0.1311852277005013
pevonedistat			0.32779613095238097	0.49836877828054305	0.12999520982471707
mln2480			0.3292293154761905	0.4994178329571107	0.12940061027793778
a-804598			0.33045178571428574	0.4997197752808989	0.1288968139368889
mg-132			0.330915625	0.4997197752808989	0.12870850300189246
pd-0332991			0.33454315476190477	0.5039331096196868	0.12723114088721224
canertinib			0.33520550595238097	0.5039331096196868	0.12696293053555574
gant-61			0.3396388392857143	0.5094582589285716	0.12519179312278517
plx4720			0.3507861607142857	0.5250073496659243	0.12073101771914245
s-trityl-l-cysteine			0.3558872023809524	0.5314582222222223	0.11854701606106936
brd-k13999467			0.3606188988095238	0.5373301552106431	0.1163719035437491
enzastaurin			0.3618799107142857	0.5380161504424779	0.11578033097075424
neopeltolide			0.3715034226190476	0.5511044150110375	0.1110301192703987
pd-0325901			0.37765133928571426	0.5587316483516483	0.107728696361483
plx-4032			0.3783078869047619	0.5587316483516483	0.10738069725968931
l-685458			0.38543497023809525	0.5680094298245614	0.1034242048421458
obatoclax			0.38638824404761907	0.5681682713347921	0.10289530854705252
rtrail			0.3887729166666667	0.5704266375545851	0.10157341576821587
nvp-tae684			0.39051800595238095	0.571738779956427	0.10059734728013024
elcpk			0.4003267857142857	0.5837971800433839	0.09509085019242605
teniposide			0.40049181547619045	0.5837971800433839	0.09499751084336996
tw 37			0.4046876488095238	0.58863658008658	0.09275479798378364
gsk690693			0.40859047619047617	0.5921355603448276	0.09073869623904804
brd-k75293299			0.40885550595238096	0.5921355603448276	0.0906106804773724
blebbistatin			0.42175625	0.6095058064516129	0.0847757744323089
ro-3306			0.4257596726190476	0.6139710300429185	0.0831260698065561
ku-55933			0.4280891369047619	0.6160083511777302	0.08214319369700895
cay10576			0.43120565476190476	0.6183731343283582	0.0807575707821516
pluripotin			0.43157291666666664	0.6183731343283582	0.08058882553089838
jw-7-52-1			0.4356438988095238	0.622878085106383	0.07846040589374015
z-llnle-cho			0.4411794642857143	0.629214376321353	0.07475424088965246
dexamethasone			0.44208110119047617	0.629214376321353	0.07403721956690656
gsk-j4			0.4428845238095238	0.629214376321353	0.0733780688145824
cct-018159			0.44963214285714287	0.637453164556962	0.06683771638146556
as605240			0.4513043154761905	0.6382827731092436	0.06505393927673514
bexarotene			0.4521169642857143	0.6382827731092436	0.06416917320388485
lenalidomide			0.45415119047619046	0.6398104821802935	0.06184527832286374
pf-543			0.45539747023809524	0.6402240585774058	0.06038093510121238
ko-143			0.458100744047619	0.64218125	0.05713238339929859
cmk			0.4587008928571429	0.64218125	0.056403316701823844
pf-4800567 hydrochloride			0.46217053571428574	0.6456935550935551	0.05127371210583745
brd-k01737880			0.4647922619047619	0.6480091286307054	0.04678745031662924
yk-4-279			0.4684723214285714	0.6517875776397516	0.03970352405370107
sid 26681509			0.4709517857142857	0.6531476288659794	0.03492262802442922
whi-p97			0.47139375	0.6531476288659794	0.034002682383725225
sb-431542			0.47403199404761903	0.655451646090535	0.029504332904022348
stemregenin 1			0.4803040178571429	0.6627603696098563	0.020036598998180114
cisplatin			0.4830122023809524	0.6651315573770492	0.017178882121855546
simvastatin			0.4926267857142857	0.6769840490797546	0.008916193046824318
fumonisin b1			0.495477380952381	0.6915979633401221	-0.006518142134446621
kin001-236			0.49468065476190476	0.6915979633401221	-0.0071594910278820695
brd-k04800985			0.49232589285714284	0.6934085365853658	-0.009059764554581825
vandetanib			0.4894096726190476	0.6959770791075051	-0.011562989440545903
npc-26			0.48285208333333335	0.7034886639676113	-0.017196582036694403
gsk525762a			0.47637470238095236	0.7108610101010101	-0.025159807218140984
wz8040			0.4734714285714286	0.7122682092555331	-0.03037255248199831
mi-1			0.4732183035714286	0.7122682092555331	-0.030766116393687957
bryostatin 1			0.4643355654761905	0.7224014	-0.04742260113973963
brd8958			0.46257767857142856	0.7224014	-0.05045057518141687
bortezomib			0.4624989583333333	0.7224014	-0.050578945161568294
mln2238			0.45942336309523807	0.7250848303393213	-0.05535831507260578
vinblastine			0.4557125	0.7279184523809524	-0.0599196620865339
gsk650394			0.4542389880952381	0.7279184523809524	-0.06165184558074477
pf-4708671			0.4540611607142857	0.7279184523809524	-0.06186335166051073
ci-1040			0.451815625	0.7294651485148514	-0.06437219015911658
vnlg/124			0.4500873511904762	0.7303187747035573	-0.06625486551515454
cgp-082996			0.44254151785714285	0.7388798816568047	-0.07356272810894288
as601245			0.42521964285714287	0.7603393700787402	-0.08331243404908584
nilotinib			0.4237943452380952	0.7607273084479371	-0.08390535556838127
pfi-1			0.42158675595238093	0.7621445098039217	-0.08482880939354653
prima-1-met			0.40308824404761906	0.7849798434442271	-0.09349962569105881
afatinib			0.3991517857142857	0.7886132812500001	-0.09566651860579636
cgp-60474			0.3937299107142857	0.7941783625730994	-0.09870038733201095
sn-38			0.38986443452380953	0.7976869649805448	-0.10086328618710605
pf-562271			0.38085416666666666	0.8078951456310678	-0.10583250410830398
bosutinib			0.37796979166666667	0.8100858527131782	-0.10743083643288563
epothilone b			0.3761517857142857	0.8108820116054157	-0.10841593371750283
pictilisib			0.37133571428571427	0.8155644787644787	-0.11103215888023327
pd0325901			0.365378125	0.821706936416185	-0.1140647220628636
ml334 diastereomer			0.3579831845238095	0.8283859884836852	-0.11756945305151263
akt inhibitor viii			0.35775431547619047	0.8283859884836852	-0.11767392444184462
jq1			0.3544979166666667	0.8309911877394637	-0.11913135731783668
gsk-3 inhibitor ix			0.34570520833333335	0.8404675572519085	-0.12274164554849622
brd-k85133207			0.3446354166666667	0.8404675572519085	-0.12316969324497999
nu7441			0.32322261904761906	0.8662750476190476	-0.13195614253262938
bx796			0.3163270833333333	0.8706369606003753	-0.13510133387877846
elesclomol			0.315665625	0.8706369606003753	-0.1354096245495769
sch-529074			0.3153166666666667	0.8706369606003753	-0.13557744262382182
palbociclib			0.3145855654761905	0.8706369606003753	-0.13592222811207896
17-aag			0.3114328869047619	0.8706369606003753	-0.1373793902647381
salubrinal			0.31080833333333335	0.8706369606003753	-0.13767114871485048
obatoclax mesylate			0.30971622023809525	0.8706369606003753	-0.13817149153235042
o-6-benzylguanine			0.3094501488095238	0.8706369606003753	-0.1382973886691917
kin001-244			0.30168660714285717	0.8787764044943821	-0.1420014749124354
gw441756			0.29849568452380953	0.8808744402985074	-0.1436045195025558
lapatinib			0.29739776785714284	0.8808744402985074	-0.14417498243186738
embelin			0.29494494047619046	0.8822491651205937	-0.1454375513067437
isonicotinohydroxamic acid			0.29356354166666665	0.8822491651205937	-0.14615096397489916
refametinib			0.2923626488095238	0.8822491651205937	-0.14677160777276546
ml312			0.27776875	0.8983841328413285	-0.15405537542595296
zibotentan			0.27618988095238095	0.8983841328413285	-0.15483661799768708
968			0.27541041666666666	0.8983841328413285	-0.15521112391599515
plx-4720			0.2723267857142857	0.9005458563535912	-0.15672291152219028
shikonin			0.26867053571428573	0.9034069852941177	-0.1585117449215444
gdc-0879			0.267321875	0.9034122935779816	-0.15914574883858743
selisistat			0.26415386904761906	0.9056567765567766	-0.16061700120641528
sb590885			0.26034449404761906	0.9057348457350273	-0.16234406655049857
brd-k44224150			0.25986041666666665	0.9057348457350273	-0.1625507297946101
abt-199			0.25927395833333333	0.9057348457350273	-0.16280423445898384
gsk1904529a			0.25819642857142855	0.9057348457350273	-0.16325823086901925
jq12			0.2573513392857143	0.9057348457350273	-0.1636113851255439
vu0155056			0.25135357142857145	0.9113956521739132	-0.1660217911431755
bec			0.2444157738095238	0.9181783001808318	-0.16872520613565983
a-443654			0.24125758928571428	0.918908828828829	-0.16998852349674182
sgc0946			0.2410797619047619	0.918908828828829	-0.17006372176289059
jnk-9l			0.2366424107142857	0.9219798214285714	-0.17199066394107082
luminespib			0.23451607142857142	0.9219798214285714	-0.17300088992092902
brd-k16147474			0.23385208333333332	0.9219798214285714	-0.17332641039382737
brd-k50799972			0.23270639880952382	0.9219798214285714	-0.173911931770313
qs-11			0.23168348214285714	0.9219798214285714	-0.17444083848826167
tozasertib			0.22916651785714287	0.9233513368983958	-0.1758057590555578
hg6-64-1			0.21460193452380952	0.9379971580817051	-0.18389301186965876
avicin d			0.2141482142857143	0.9379971580817051	-0.18412998339565906
gsk4112			0.2096092261904762	0.9417421985815603	-0.18652029824327887
tanespimycin			0.2056311011904762	0.9434927689594356	-0.18871899444043122
xmd8-85			0.20487261904761905	0.9434927689594356	-0.18913261539320456
trifluoperazine			0.2039279761904762	0.9434927689594356	-0.1896563788738655
xmd8-92			0.20115386904761906	0.9451137323943662	-0.19111002053730033
trametinib			0.19643080357142856	0.9480833333333333	-0.1934676786343042
birinapant			0.1958221726190476	0.9480833333333333	-0.19377546238382434
brd-k27986637			0.19433824404761904	0.9481693520140105	-0.19451979205868467
gw843682x			0.19284791666666667	0.9482625874125874	-0.1952506181952801
gnf-2			0.18849151785714285	0.9508747386759582	-0.19729933471414013
cbb-1007			0.18779449404761905	0.9508747386759582	-0.1976318418246945
vismodegib			0.18060550595238095	0.957409375	-0.20034602298667004
bleomycin (50 um)			0.17936339285714287	0.957409375	-0.2007532940959166
azd6244			0.17480208333333333	0.9610623916811092	-0.20220633345648745
midostaurin			0.16986488095238095	0.9640349914236706	-0.20387026656180546
nelarabine			0.16677410714285715	0.9640349914236706	-0.20484389499856476
ic-87114			0.1666626488095238	0.9640349914236706	-0.20487675293872962
gefitinib			0.16620029761904762	0.9640349914236706	-0.205017698211627
betulinic acid			0.16388035714285715	0.9640349914236706	-0.20573720322479283
brd-k33199242			0.16364226190476192	0.9640349914236706	-0.20581253249216253
nutlin-3a (-)			0.15563199404761904	0.970339829059829	-0.208254259333108
lfm-a13			0.15528452380952382	0.970339829059829	-0.20836173865658975
tak-715			0.1527860119047619	0.9715491467576791	-0.20910877108979767
bix02189			0.14891666666666667	0.9743236797274275	-0.21031359842733785
talazoparib			0.1446738095238095	0.9775156462585034	-0.21166627772701718
brd-k86535717			0.1340688988095238	0.9878477966101694	-0.21521177145231465
ipa-3			0.13269315476190477	0.9878477966101694	-0.2156995506336515
pha-665752			0.12441309523809524	0.9932253267973856	-0.21882827219124862
cil55			0.12159985119047619	0.9932253267973856	-0.21995209501475316
jnk inhibitor viii			0.12042916666666667	0.9932253267973856	-0.22043623237577234
cid-5951923			0.11552842261904762	0.9827227848101266	-0.2224813917626768
gsk319347a			0.11540074404761905	0.9827227848101266	-0.2225362692007394
tgx-221			0.11013050595238096	0.9611389610389611	-0.2249511337856105
brd-k42260513			0.10892142857142857	0.9611389610389611	-0.22555135014736605
pd318088			0.10889880952380952	0.9611389610389611	-0.22556293016028253
dmog			0.10781547619047618	0.9611389610389611	-0.22611654775379955
cyclophosphamide			0.10617738095238095	0.9611389610389611	-0.22698042788534284
rapamycin			0.1058922619047619	0.9611389610389611	-0.22713498818066438
xmd11-85h			0.10556517857142857	0.9611389610389611	-0.22730970173635323
681640			0.10313005952380952	0.9611389610389611	-0.22867750990735222
erismodegib			0.1017108630952381	0.9611389610389611	-0.22952109102294424
ml083			0.09968824404761904	0.9611389610389611	-0.2308005258646556
brd-k84807411			0.09955342261904762	0.9611389610389611	-0.23089301500944193
brd4132			0.0988842261904762	0.9611389610389611	-0.23132747021349248
ciclosporin			0.09823660714285715	0.9611389610389611	-0.23177205145892665
lestauritinib			0.0973203869047619	0.9611389610389611	-0.2324247162005693
fsc231			0.0969938988095238	0.9611389610389611	-0.23266487939300698
procarbazine			0.09672857142857143	0.9611389610389611	-0.23286043526940492
ql-viii-58			0.09545550595238095	0.9611389610389611	-0.23382429393084125
brd-k02251932			0.09101488095238096	0.9611389610389611	-0.2375927855440232
cyclopamine			0.08942991071428572	0.9611389610389611	-0.23909779779678106
qs11			0.08876651785714286	0.9611389610389611	-0.2397682590565473
neratinib			0.08735014880952381	0.9611389610389611	-0.2411798997304473
chir-99021			0.08715982142857143	0.9611389610389611	-0.2413803412620109
dactolisib			0.08113035714285714	0.9611389610389611	-0.24752948785738046
tipifarnib			0.08092127976190476	0.9611389610389611	-0.24773659321663336
azd6482			0.07905669642857142	0.9611389610389611	-0.24955401642481279
brd-k48334597			0.07859419642857143	0.9611389610389611	-0.24998561312092688
way-362450			0.0767391369047619	0.9611389610389611	-0.25165577434665526
brd-k14844214			0.07556294642857143	0.9611389610389611	-0.25266451035468035
dabrafenib			0.07433363095238095	0.9611389610389611	-0.25372969143018054
wh-4-023			0.07355505952380953	0.9611389610389611	-0.2544212945846188
sl0101			0.06799449404761905	0.9611389610389611	-0.2607307076956708
zebularine			0.05715401785714286	0.8349456521739129	-0.2744030793185774
selumetinib			0.05644910714285714	0.8349456521739129	-0.275505982526051
a-770041			0.05167008928571429	0.7891431818181818	-0.28410636744502926
wz-1-84			0.047479464285714285	0.7420046511627908	-0.29320474087252385
(5z)-7-oxozeaenol			0.04633482142857143	0.7413571428571428	-0.29558011016767116
bleomycin			0.04521220238095238	0.7410390243902439	-0.29812568927352884
azd0530			0.04484955357142857	0.7410390243902439	-0.29892818561013385
ver-155008			0.044355059523809526	0.7410390243902439	-0.30012699206189764
saracatinib			0.04153065476190476	0.7344368421052632	-0.306540649353801
brd-k71935468			0.04095610119047619	0.7344368421052632	-0.30760375724240324
vinorelbine			0.03899345238095238	0.7278777777777777	-0.31090604843478675
fmk			0.03822485119047619	0.7278777777777777	-0.3119508402420092
dasatinib			0.03822113095238095	0.7278777777777777	-0.311954727325447
cp724714			0.03760416666666667	0.7278777777777777	-0.3127864041894014
austocystin d			0.03750133928571429	0.7278777777777777	-0.312920815323862
bms-509744			0.036336011904761906	0.7278777777777777	-0.31434665489371766
thapsigargin			0.031784375	0.7119699999999999	-0.31985287879430707
brd-k27224038			0.03128690476190476	0.7119699999999999	-0.3205405925093592
sb216763			0.030757440476190476	0.7119699999999999	-0.32127466923350234
ly-2157299			0.026666071428571428	0.6636888888888888	-0.32690130219120633
brd-k09587429			0.025917857142857142	0.6636888888888888	-0.3278951099509629
brd-k96431673			0.025197767857142856	0.6636888888888888	-0.32886125622780527
cay10594			0.024953720238095237	0.6636888888888888	-0.3292155201024922
etomoxir			0.023770386904761905	0.6636888888888888	-0.3310280268291978
zd-6474			0.023292559523809524	0.6636888888888888	-0.3318615538488144
pyrimethamine			0.021307440476190476	0.6636888888888888	-0.3368866227036787
unc1215			0.019642708333333335	0.6599950000000001	-0.34231697374768566
gsk269962a			0.01806889880952381	0.6390684210526315	-0.3483288265217944
eht-1864			0.016402232142857142	0.61235	-0.3533638011017379
brd-k94991378			0.01621264880952381	0.61235	-0.3538215088338524
olaparib			0.015078125	0.61235	-0.3575397006219721
brd-k52037352			0.014809077380952381	0.61235	-0.3590043626667035
brd-k48477130			0.013460119047619047	0.61235	-0.37146752718296266
fh535			0.011086011904761904	0.5730615384615384	-0.3924768521867955
tgx221			0.010077232142857143	0.5643250000000001	-0.3980332714079392
compound 1b			0.007065476190476191	0.4316363636363636	-0.41260529923094047
erlotinib		0.05692004736414729	0.0070212797619047616	0.4316363636363636	-0.4129655675684391
rucaparib		0.06614526946227013	0.006480357142857143	0.4316363636363636	-0.4162489857526005
azacitidine		0.05056387095803803	0.0063803571428571425	0.4316363636363636	-0.4166888392602749
brd-k99006945		0.05257695518286865	0.005746428571428572	0.4316363636363636	-0.41945225158166133
bcl-lzh-4		0.03338667985754855	0.005051934523809524	0.4316363636363636	-0.4254510100389496
seliciclib		0.0598644516092166	0.0045644345238095236	0.4316363636363636	-0.43943390329608023
brd-k17060750		0.060404385213807116	0.004307589285714286	0.4316363636363636	-0.44312143014168504
nsc-87877		0.06244019092731412	0.002924107142857143	0.4316363636363636	-0.4752786902358313
gw-2580		0.0399107944198846	0.002432142857142857	0.4316363636363636	-0.4803751655215389
brd-k71781559		0.042175260168189614	0.0005401785714285714	0.36300000000000004	-0.5600606507692933
